670 693
669 686
665 697
670 680
666 687
670 693
670 670
670 694
671 679
670 713
669 654
669 710
669 662
669 655
669 679
670 709
670 674
670 705
670 679
670 693
670 675
670 665
669 695
671 677
670 690
669 663
670 711
668 666
670 708
669 652
669 698
668 666
669 698
669 648
671 697
670 678
669 680
669 680
670 692
670 675
670 681
669 672
670 677
670 697
669 673
671 704
670 659
669 706
670 710
670 689
670 670
671 703
670 653
669 677
670 655
669 690
669 684
670 684
669 769
671 669
669 664
670 644
670 694
671 673
670 677
670 721
671 700
669 680
671 689
671 691
670 697
669 746
669 686
670 684
669 698
666 675
669 692
669 686
670 678
669 701
671 662
670 708
669 663
671 707
671 673
669 713
670 657
670 703
669 666
671 677
670 674
671 700
671 672
670 687
669 688
670 684
670 690
671 761
670 712
669 678
670 694
669 669
669 580
670 661
670 693
670 681
670 720
669 645
665 677
669 666
669 696
672 666
670 665
670 696
669 674
670 711
669 687
670 713
670 658
670 694
669 653
669 687
670 657
670 699
669 674
670 677
670 666
670 683
670 674
670 682
671 691
672 677
670 571
670 669
670 698
670 649
670 678
670 788
669 701
670 651
670 694
670 679
670 703
669 666
670 691
669 649
669 687
669 688
669 670
669 707
671 677
669 689
670 671
670 698
670 660
665 687
669 685
670 681
669 658
670 696
669 674
670 693
670 691
665 672
666 782
670 677
670 679
671 670
670 682
670 682
670 688
670 666
670 680
670 675
670 693
669 661
668 700
669 657
670 690
670 698
669 682
669 677
670 690
669 682
670 681
670 699
670 612
669 686
669 662
670 707
671 675
670 691
669 673
670 703
669 660
669 680
669 670
671 692
670 686
670 732
670 680
670 686
670 692
670 684
670 667
669 668
670 701
669 661
670 684
670 676
669 696
670 675
670 708
669 763
667 692
669 663
669 711
669 697
670 655
669 684
669 673
670 701
669 659
670 679
670 659
666 717
670 655
670 699
669 595
669 692
668 677
670 704
670 669
670 568
665 696
670 687
670 696
669 681
670 702
669 675
669 684
670 667
667 687
671 671
670 717
665 666
670 675
669 658
670 672
670 673
665 686
665 668
670 697
670 696
671 705
671 668
