670 695
670 668
670 690
670 682
670 683
670 692
670 672
669 682
670 688
671 587
669 680
671 711
670 682
669 716
671 665
669 680
670 642
671 691
670 675
669 693
670 688
670 666
669 695
670 681
669 706
667 678
669 681
669 668
670 704
670 664
669 701
670 685
671 693
669 665
669 693
669 660
670 694
670 673
670 686
670 679
667 678
670 683
670 676
670 691
670 667
670 702
670 661
670 698
669 673
666 695
670 659
670 688
669 672
670 689
665 679
670 702
669 669
669 660
670 686
670 652
669 699
665 683
669 690
670 664
670 703
670 654
671 702
670 671
670 696
669 676
667 706
670 671
663 698
671 682
670 678
669 688
670 677
669 667
669 663
670 704
665 677
668 703
670 628
669 664
669 658
670 705
669 667
670 680
670 665
670 711
670 690
670 703
669 674
669 681
670 698
669 668
671 656
670 693
669 688
671 646
669 699
670 668
671 712
670 680
669 691
671 674
669 683
666 665
670 703
669 675
670 671
670 675
670 657
671 681
671 699
669 689
670 685
669 712
669 684
670 686
669 656
670 691
670 789
670 690
669 665
669 692
671 681
670 693
670 687
669 654
670 688
670 699
670 688
669 682
669 703
670 647
669 707
670 530
670 712
670 658
670 689
670 670
670 686
670 687
669 670
670 695
669 683
669 686
669 676
667 720
670 667
666 565
670 639
669 700
669 673
670 700
670 663
667 684
669 772
669 688
671 665
669 691
669 672
669 674
670 683
669 672
671 709
670 663
670 696
669 672
669 678
670 663
668 712
669 649
670 708
669 650
670 705
670 676
670 686
670 659
669 682
670 686
670 691
669 702
669 673
669 699
670 642
670 693
670 666
670 706
670 640
670 670
670 680
669 695
671 661
670 741
671 687
669 686
670 686
670 689
669 670
669 671
670 688
669 681
668 690
671 674
669 699
669 671
670 664
669 681
670 731
669 661
665 697
667 675
670 692
669 664
669 691
670 678
670 692
670 688
669 677
667 679
670 675
669 691
668 665
670 697
669 644
669 697
670 669
669 699
669 688
670 698
669 638
665 671
670 674
669 681
669 665
670 680
669 683
670 665
670 699
666 661
669 698
669 683
669 702
669 666
671 711
670 661
670 720
670 686
666 667
670 689
669 688
669 677
670 674
669 672
670 669
