669 686
671 672
669 691
671 663
669 701
670 682
670 689
669 679
669 672
666 702
670 665
665 691
669 677
664 688
670 662
670 711
670 692
670 690
671 665
669 706
666 672
672 704
669 664
669 701
669 676
666 674
668 671
670 677
670 669
670 752
670 671
669 674
671 687
670 683
670 688
670 677
670 720
670 669
670 696
669 666
670 684
670 679
670 705
671 679
671 657
669 694
670 681
669 683
671 680
671 759
669 653
669 679
670 647
670 678
669 680
670 679
670 683
670 689
669 663
670 681
671 687
670 678
670 693
669 657
670 687
667 654
669 686
669 664
671 689
671 673
669 838
671 674
670 713
670 670
670 706
670 669
669 682
670 688
670 683
669 681
670 688
671 687
669 674
670 692
669 720
667 701
670 675
670 708
670 667
670 690
670 681
671 688
669 730
666 682
669 688
670 693
670 687
669 676
669 704
671 662
669 682
670 668
671 674
670 663
671 715
669 681
670 694
669 645
668 719
670 668
666 704
670 689
669 696
670 677
670 693
669 685
669 662
670 677
670 688
666 696
669 684
669 696
670 654
669 713
668 663
670 686
669 645
669 855
670 685
669 691
670 685
670 676
665 686
671 678
669 687
670 583
670 672
670 669
670 706
670 670
668 682
669 667
670 686
670 663
669 688
670 667
669 687
667 683
670 684
670 677
671 675
669 691
669 676
670 694
670 679
669 697
671 650
669 707
670 663
670 680
669 672
670 714
670 670
669 700
665 691
670 705
670 669
670 684
670 687
670 682
671 673
670 679
669 685
669 670
669 690
669 684
671 682
669 657
669 688
670 650
669 707
670 670
670 701
669 676
671 691
670 683
666 697
666 678
669 676
670 690
670 694
669 698
669 665
670 689
670 666
670 682
670 658
670 705
671 659
670 693
670 672
666 711
666 686
669 694
670 677
669 673
669 677
669 684
670 687
669 661
670 669
669 660
670 694
670 646
669 611
669 662
670 700
670 682
670 696
670 679
669 682
670 670
670 564
665 682
670 676
670 677
669 663
670 671
671 669
671 696
670 682
670 714
665 684
670 713
669 664
670 683
670 746
669 693
670 685
670 681
669 679
672 684
670 719
670 701
670 699
670 668
669 699
671 674
669 683
671 653
670 698
669 658
671 700
669 661
665 689
671 844
