669 682
667 667
671 693
669 673
670 698
670 673
670 700
671 646
670 699
669 652
666 696
671 667
669 670
670 683
670 691
669 683
671 696
670 695
669 695
669 689
669 664
669 703
670 682
669 703
670 671
669 722
669 673
666 676
669 674
670 700
670 662
670 682
669 683
669 691
670 673
669 687
670 678
669 683
669 692
671 698
664 609
669 666
670 702
670 654
670 690
669 650
669 696
667 668
670 685
670 679
670 710
670 680
670 707
670 682
670 671
670 686
670 673
669 697
670 660
670 718
667 641
670 651
671 671
671 694
671 678
670 680
670 694
670 687
669 681
670 687
669 687
665 698
667 686
670 699
669 570
671 672
670 706
664 669
665 698
669 673
666 695
670 667
670 681
669 675
669 811
669 682
671 663
671 673
665 699
669 672
669 677
670 692
671 657
670 688
670 649
671 682
664 667
670 689
670 662
669 707
670 651
669 702
669 693
670 694
671 696
668 670
669 657
669 679
669 679
670 683
670 692
669 672
669 704
670 661
670 697
670 664
670 705
671 703
670 893
666 672
670 687
670 659
670 688
670 680
670 687
670 692
671 633
670 687
670 687
670 658
669 666
669 700
669 686
670 704
670 651
669 699
670 669
670 688
669 661
670 678
665 690
670 695
670 847
670 682
670 698
670 672
670 688
669 665
670 697
670 672
670 699
671 661
669 725
669 673
670 695
669 680
670 692
670 680
670 685
669 677
669 672
670 679
669 687
670 684
670 678
669 693
669 778
669 694
670 673
670 692
669 675
671 690
669 667
670 695
670 669
670 708
669 715
670 675
669 687
670 669
670 689
665 674
670 700
670 671
665 696
670 687
670 696
670 672
671 703
669 671
669 682
670 675
669 688
668 679
670 662
666 690
670 688
670 701
669 699
669 688
670 657
669 696
669 670
670 686
671 649
671 706
670 660
671 711
670 656
670 700
670 681
670 701
670 678
668 678
670 673
669 672
670 691
670 670
666 684
670 665
669 709
670 664
669 692
670 660
669 697
669 657
670 688
667 655
669 701
670 673
669 687
669 679
670 681
669 693
669 668
670 685
670 674
670 693
670 670
670 707
669 687
671 706
670 673
670 683
671 636
669 711
670 674
670 667
670 659
670 693
670 681
670 688
670 702
670 608
669 703
