670 689
670 696
670 706
669 719
685 672
671 706
670 681
669 696
670 671
669 709
669 655
670 691
669 659
666 701
670 660
670 652
665 666
669 687
670 678
667 676
670 676
670 692
671 685
669 675
669 669
671 717
670 685
670 683
670 680
670 663
666 691
670 668
669 696
669 659
669 698
669 675
665 693
670 685
666 698
669 678
669 672
670 682
670 675
670 765
669 682
669 690
669 651
670 695
669 672
669 698
668 660
672 701
669 665
670 701
670 673
669 686
667 663
669 679
669 704
670 677
670 678
668 692
670 580
669 666
670 711
671 666
671 707
670 677
669 704
670 663
667 691
669 676
669 728
670 683
670 681
666 672
669 682
669 702
669 697
670 686
670 670
669 697
669 687
664 697
670 656
670 704
670 683
669 684
670 690
670 690
671 685
668 683
670 689
670 679
669 680
670 656
669 690
670 684
670 704
669 678
670 697
671 687
670 719
670 671
670 698
669 666
670 705
670 667
664 687
669 681
670 697
671 671
670 675
669 625
670 676
671 691
670 658
670 698
669 659
669 712
669 669
670 685
670 712
670 695
670 670
669 697
670 690
670 686
669 675
670 690
670 689
669 659
671 679
669 678
669 691
670 657
670 680
670 659
671 699
670 658
666 681
670 672
669 704
669 680
670 679
670 692
671 692
670 667
669 677
671 696
669 663
670 684
670 652
669 696
670 648
670 702
669 658
667 730
670 672
669 732
670 655
669 691
670 668
669 694
670 681
670 667
670 680
670 674
670 726
670 670
670 696
670 671
670 692
669 675
669 676
670 652
670 708
666 721
670 683
666 683
670 690
669 682
669 660
669 687
670 684
670 694
670 666
670 722
670 669
670 655
665 659
669 694
669 667
668 693
670 673
670 706
670 660
670 693
666 674
670 689
669 660
670 695
670 691
669 651
670 680
670 677
669 741
669 651
670 697
669 650
670 686
670 664
670 702
667 667
669 693
666 679
670 670
669 678
670 688
670 690
670 670
670 691
669 676
669 709
671 668
669 690
670 641
665 703
670 688
670 709
671 667
669 690
669 681
669 701
670 678
668 688
669 631
669 555
671 687
670 692
669 683
669 667
670 694
669 667
670 687
670 657
669 780
673 663
669 705
671 673
670 690
669 678
669 675
669 674
668 675
671 672
