669 679
669 688
670 689
665 670
669 670
668 679
671 660
668 675
670 668
669 678
671 695
669 686
670 699
669 636
670 688
669 657
669 695
669 690
664 684
670 685
666 690
670 673
670 694
669 682
670 667
669 681
670 671
670 680
669 677
670 697
670 682
669 689
669 767
670 698
670 678
670 669
667 671
670 711
669 676
670 665
669 682
669 694
669 781
669 678
670 701
670 680
669 689
670 683
670 694
669 654
668 696
670 660
669 705
669 685
670 686
670 641
666 656
666 667
669 660
670 675
669 687
670 675
669 663
670 677
669 683
669 670
666 618
669 701
669 696
669 685
669 663
670 706
669 667
669 679
666 691
669 679
670 684
670 684
668 676
670 696
669 686
670 691
669 694
670 686
669 685
670 554
669 691
670 664
669 681
671 666
669 690
670 681
669 682
669 687
669 686
670 663
669 693
670 706
669 669
670 698
669 666
670 689
669 682
669 698
669 677
669 703
669 669
669 697
670 679
669 688
670 683
670 704
670 685
667 688
670 685
670 700
669 679
669 670
669 679
671 657
669 689
669 664
669 688
670 681
670 694
670 667
670 694
671 703
670 684
670 687
669 695
669 679
670 670
670 682
670 665
671 690
669 682
670 676
670 660
670 679
670 661
669 696
670 679
669 687
670 683
670 711
669 674
669 689
669 669
669 658
670 694
669 688
670 681
669 671
670 723
670 673
665 699
670 670
670 703
670 671
669 701
669 673
669 705
669 703
670 699
670 688
670 688
669 685
669 717
670 697
669 661
669 687
665 671
669 682
669 675
670 674
669 665
670 693
669 673
669 687
669 676
670 693
670 690
670 689
669 685
669 697
669 647
671 680
669 672
667 697
670 721
670 672
670 695
666 681
669 697
669 668
669 697
669 686
669 704
669 672
669 700
670 689
669 693
669 671
669 676
669 661
670 683
666 678
669 672
670 718
669 675
670 692
670 663
669 678
669 662
669 691
670 687
669 711
669 684
669 687
669 686
669 679
669 669
670 672
669 680
669 678
669 676
669 658
671 684
669 659
670 698
670 666
666 675
669 683
669 690
670 673
669 697
670 673
670 667
670 655
669 686
670 674
669 678
669 691
669 670
669 690
666 676
670 696
666 662
670 683
669 673
669 691
669 687
670 682
