669 690
669 690
670 686
669 688
670 676
670 603
667 673
669 677
665 678
670 700
670 660
669 692
670 667
669 686
670 674
669 691
670 668
669 687
671 682
670 585
671 674
669 675
666 680
669 686
670 683
669 674
669 694
669 678
671 704
669 669
670 685
669 689
670 690
670 680
667 691
669 678
670 681
670 679
670 676
669 676
669 677
669 689
671 677
670 681
666 688
670 697
666 573
670 682
669 674
670 686
670 669
670 688
670 679
670 683
670 678
669 690
670 674
669 693
669 684
669 676
668 678
670 679
669 684
669 650
669 724
669 669
669 700
670 673
669 704
669 683
669 698
670 675
669 682
669 700
669 675
669 688
669 689
669 672
669 665
670 697
670 675
670 691
673 673
670 727
669 664
669 699
669 715
669 684
669 636
669 694
669 690
670 689
670 683
669 683
669 694
670 665
669 699
670 688
669 689
668 686
670 692
669 669
669 682
670 670
669 699
670 681
669 699
669 675
670 693
667 683
670 663
666 676
669 670
669 641
669 661
671 670
670 663
669 669
669 657
670 683
670 667
669 715
669 685
670 692
670 673
669 694
670 679
665 662
670 680
669 697
669 693
669 674
669 679
665 671
670 668
665 670
671 687
669 676
670 691
669 645
670 700
669 680
669 704
669 657
669 698
665 685
670 700
665 671
669 673
669 688
670 679
667 712
669 657
669 708
671 657
669 632
670 667
669 694
670 668
669 691
669 672
669 683
669 701
670 674
669 679
669 656
670 683
666 670
669 690
670 654
670 680
666 669
669 685
670 683
671 698
669 706
669 686
670 678
670 692
669 670
669 649
669 673
670 679
669 689
670 668
669 677
669 681
669 669
670 659
669 685
670 657
670 694
670 664
669 683
669 676
671 690
670 670
670 680
667 694
669 667
671 669
670 687
667 681
670 682
670 678
670 666
671 713
669 662
666 709
669 680
668 694
669 685
665 684
670 663
671 698
670 683
670 701
670 684
667 672
669 679
665 675
669 671
667 682
669 677
670 695
669 710
669 674
669 697
669 665
670 686
669 689
669 691
669 673
669 681
667 669
669 685
669 687
669 673
669 686
670 673
669 678
669 668
670 683
670 694
669 702
669 678
670 689
670 671
669 683
670 663
670 688
670 662
