670 667
670 698
669 673
670 699
670 684
670 693
670 681
669 703
669 660
670 680
671 676
670 694
669 668
669 687
670 681
669 695
669 675
669 681
670 687
669 677
670 707
669 673
671 712
669 623
671 688
670 674
669 674
670 681
670 688
671 677
668 689
669 679
669 679
669 675
665 686
670 686
670 676
669 683
670 630
670 682
669 682
670 709
669 685
669 698
664 676
670 680
669 681
670 677
669 669
668 687
669 668
670 676
670 690
670 675
669 691
670 660
666 682
669 635
668 699
669 666
667 693
671 679
669 688
670 662
669 687
670 678
670 676
667 670
670 674
670 684
667 684
670 689
669 694
669 671
670 659
671 703
669 581
670 698
669 697
671 697
669 708
669 699
669 636
670 682
669 655
670 679
669 694
664 658
670 679
670 671
670 668
669 687
670 732
670 689
669 684
671 668
669 674
671 672
669 696
669 662
669 709
669 674
669 686
669 685
669 678
669 701
670 671
669 696
670 695
669 690
669 676
669 690
669 692
668 691
670 671
669 686
670 686
669 698
669 677
669 691
669 696
669 683
670 675
669 676
669 689
666 670
669 662
669 616
669 696
668 673
669 692
669 686
669 723
670 679
682 692
668 687
670 678
671 685
670 684
669 689
670 681
669 660
669 674
669 686
669 678
669 687
669 670
670 695
669 661
670 598
670 668
669 700
668 562
669 669
670 707
669 685
669 686
670 686
669 679
670 673
670 682
669 662
669 682
670 679
669 675
669 680
668 703
670 683
669 686
669 679
669 719
669 712
669 686
670 680
666 682
670 684
669 669
669 675
669 687
670 683
669 679
669 693
665 679
673 702
669 667
669 691
669 666
669 710
669 662
669 687
669 695
670 693
669 725
670 797
669 662
669 675
669 712
668 688
668 686
670 660
670 697
669 678
669 812
667 667
669 670
670 676
669 696
670 671
669 700
669 676
669 688
669 679
669 700
670 679
670 682
670 683
667 679
670 700
670 684
669 674
670 678
669 735
670 665
669 677
670 669
667 683
669 681
670 681
669 678
665 681
669 722
670 680
670 694
671 665
670 697
670 676
669 676
667 657
669 691
670 643
670 697
665 668
669 681
667 637
669 690
665 679
670 681
671 676
669 673
667 678
670 672
669 683
670 674
670 690
