0 673
669 687
669 697
670 691
670 662
669 710
670 649
669 690
670 674
669 715
669 689
669 704
669 694
670 689
670 679
671 694
670 670
669 683
669 667
670 697
669 661
669 696
669 663
669 685
669 668
669 697
667 668
670 678
670 668
670 691
671 762
669 664
672 653
670 665
669 686
670 665
670 708
669 678
670 683
670 641
671 722
670 682
669 714
670 583
669 703
671 650
670 681
669 685
670 693
670 678
666 692
670 681
670 683
665 698
670 661
670 693
670 572
670 685
671 663
670 678
669 684
670 698
668 662
669 682
668 675
671 684
670 678
667 687
669 806
671 686
670 689
670 685
670 709
669 666
669 688
670 652
670 698
670 682
670 714
669 668
664 693
671 657
669 678
669 658
670 696
670 671
670 668
670 663
669 671
671 685
669 679
669 666
670 660
670 708
670 681
670 691
670 647
670 718
669 672
671 697
670 663
669 687
669 680
670 672
669 685
670 652
670 705
669 669
670 696
669 550
671 700
670 666
670 713
670 658
669 686
669 693
670 693
670 673
669 688
669 673
669 706
669 677
670 667
669 690
670 667
670 704
668 676
665 703
669 651
669 690
670 658
670 708
671 654
669 666
670 668
671 824
670 664
670 657
670 677
670 670
666 689
669 681
670 695
670 676
670 676
669 675
670 702
670 658
670 712
671 757
669 685
666 658
669 701
670 669
669 692
669 681
665 689
669 687
670 668
669 689
670 684
670 715
669 679
668 682
669 662
670 721
671 677
670 701
670 675
669 702
670 661
669 673
670 689
670 688
670 681
669 684
670 685
671 675
670 699
669 656
670 695
670 668
670 677
670 651
670 698
670 672
670 702
670 668
671 653
670 653
666 689
670 676
670 691
669 713
669 681
670 711
667 682
669 693
669 661
671 694
670 645
670 695
670 667
670 707
670 674
669 677
669 655
670 679
670 688
670 680
670 687
670 666
670 680
670 669
670 694
670 674
669 694
669 675
670 692
670 670
670 701
670 656
669 685
671 657
669 684
671 674
666 681
670 789
669 591
670 684
670 689
668 683
669 662
669 687
671 666
670 695
670 665
671 686
