669 680
670 692
669 652
671 692
670 692
669 693
670 667
670 573
664 670
671 693
670 672
667 680
671 687
669 691
670 691
669 680
670 702
671 673
669 683
669 668
671 679
669 690
670 679
669 681
669 696
668 681
669 686
667 677
673 687
669 801
669 686
669 683
670 684
670 695
670 664
669 687
669 677
669 697
670 651
670 686
670 640
666 686
669 686
669 688
670 672
670 673
666 679
669 680
670 690
669 680
670 687
669 708
671 705
669 667
669 687
670 671
670 723
669 685
670 693
669 679
669 685
670 681
668 680
669 686
670 691
670 680
670 689
670 668
666 672
666 677
670 674
670 688
670 681
669 664
670 661
671 701
670 673
670 690
668 671
670 686
670 688
669 678
671 670
669 676
670 683
670 682
669 692
670 677
669 696
670 687
670 706
670 657
670 683
671 659
670 679
669 662
670 689
670 675
671 702
670 681
669 680
671 678
670 731
670 685
670 641
669 697
670 685
670 695
669 687
670 696
670 668
669 688
671 678
670 718
670 676
670 680
670 660
670 671
670 691
670 671
670 668
669 674
670 680
669 686
669 688
670 675
670 691
667 672
668 703
669 656
670 694
670 659
669 693
671 684
670 728
669 696
669 697
669 670
669 675
670 693
669 685
671 673
669 675
669 687
669 672
669 694
670 661
671 685
669 681
670 698
667 679
670 702
671 677
670 684
669 679
669 685
671 687
669 684
670 682
669 675
670 679
669 718
668 692
669 687
669 686
669 725
669 696
666 672
669 698
670 668
670 685
669 660
669 675
670 669
670 688
669 677
670 715
670 694
670 679
670 647
669 664
670 691
670 668
670 679
668 670
670 694
669 655
669 654
669 670
671 692
670 684
670 689
670 680
670 686
671 700
670 679
669 688
670 685
669 740
670 682
670 693
669 688
671 670
670 643
669 687
670 687
671 697
670 671
670 700
670 664
670 671
670 680
670 662
670 695
670 676
669 693
671 677
670 673
669 674
671 707
669 688
671 689
670 700
670 693
670 665
669 686
670 690
669 687
670 680
669 674
669 689
670 678
669 580
669 650
668 701
670 674
670 671
666 679
670 687
669 669
669 697
670 680
666 689
670 681
667 678
667 692
670 687
670 684
670 689
670 677
666 673
672 716
670 673
667 705
670 553
670 700
670 680
670 684
