671 688
669 687
670 699
670 688
669 670
669 694
670 662
670 685
670 683
670 683
669 660
670 692
669 692
670 695
668 556
671 706
670 686
670 675
665 684
669 672
669 689
669 703
670 680
671 673
670 691
669 680
670 688
670 664
669 704
669 669
669 723
671 677
669 696
671 677
670 700
669 675
670 697
670 681
668 698
667 677
671 670
668 699
670 653
670 708
670 673
668 690
670 682
670 706
672 661
671 684
670 690
667 691
670 700
669 698
670 691
669 681
670 692
670 682
671 692
670 724
669 699
665 671
670 705
669 673
665 700
670 664
670 687
670 670
668 706
670 676
670 687
671 668
670 670
670 727
670 669
669 688
668 705
670 674
669 689
670 719
670 668
670 696
670 664
669 698
670 675
670 661
670 686
670 697
669 661
670 696
670 679
670 683
671 599
670 698
669 685
671 665
669 703
670 681
666 692
665 670
670 685
669 674
670 700
670 677
668 688
670 673
669 630
666 687
670 683
670 672
668 682
670 680
667 668
670 683
665 677
670 708
669 668
670 691
670 669
670 707
665 711
670 690
666 673
670 693
669 683
668 701
669 690
670 606
669 667
669 695
669 691
670 687
668 708
670 687
669 688
670 687
670 718
669 671
669 697
670 691
666 703
670 673
669 696
669 682
669 674
669 689
669 678
670 688
670 686
670 688
666 678
669 681
669 663
673 706
669 662
670 687
670 679
669 677
670 625
670 693
670 675
670 679
669 684
670 688
670 694
669 673
671 688
670 674
669 695
670 650
665 697
669 670
670 734
670 670
669 704
669 664
670 704
669 669
670 693
669 659
670 667
670 692
670 692
669 706
671 683
669 659
670 643
670 689
666 674
669 690
670 663
671 691
670 666
670 696
668 673
670 690
670 678
669 670
669 707
670 687
670 675
668 683
671 685
669 663
669 679
670 678
669 693
671 661
669 710
668 666
670 693
669 686
670 681
671 690
673 674
669 700
670 684
669 699
670 673
669 675
669 687
669 678
670 681
669 688
670 684
670 696
669 669
671 706
670 670
670 694
669 673
669 693
668 571
670 688
670 672
669 684
670 700
670 735
670 687
669 668
669 693
669 680
669 704
670 668
670 687
669 672
670 703
671 663
670 693
670 675
670 689
669 682
668 661
669 688
669 678
670 682
670 683
671 693
