669 696
670 249
669 701
667 1023
670 1023
669 556
668 695
669 663
670 670
669 664
670 880
670 251
669 707
667 679
670 689
669 673
670 675
670 691
670 678
670 700
670 672
670 699
671 659
671 684
668 674
670 688
669 675
666 703
670 679
666 680
669 675
671 690
669 678
670 690
669 695
670 684
670 703
671 701
670 701
670 671
670 705
669 674
670 747
670 663
670 699
670 687
670 705
670 672
669 698
666 697
671 700
669 685
670 694
666 689
670 679
670 707
669 672
670 680
678 0
670 697
670 693
669 685
671 679
670 713
670 721
670 671
670 687
669 685
670 682
668 684
671 676
670 688
670 684
671 677
669 699
669 670
669 697
670 670
669 706
670 668
671 693
670 654
670 686
670 665
669 697
670 682
669 680
668 698
670 681
670 695
667 675
671 688
670 651
670 689
670 655
670 696
669 683
669 711
668 696
670 687
669 674
670 693
670 671
670 695
670 680
671 676
670 668
670 684
671 697
670 664
670 695
669 668
671 699
670 678
670 694
666 673
669 703
670 647
671 675
670 681
670 703
669 683
670 691
670 703
670 678
669 699
670 671
671 689
671 671
670 696
665 684
671 680
669 650
669 707
670 675
670 689
670 657
670 696
669 693
670 689
669 675
670 682
671 594
670 681
667 687
670 664
670 690
670 700
670 695
670 677
669 700
669 664
667 688
670 664
669 701
668 683
670 704
670 682
671 689
670 692
670 658
670 691
669 678
670 708
669 683
666 698
670 663
670 677
670 673
670 691
670 672
666 814
669 681
669 695
669 677
670 674
670 682
670 681
671 681
670 689
666 708
670 694
670 710
670 666
670 715
670 653
670 699
670 683
671 737
669 670
670 708
670 676
669 707
670 685
669 687
671 675
670 684
669 691
670 671
670 700
670 673
670 702
669 655
670 702
670 660
667 705
671 659
670 691
669 685
666 704
670 684
670 689
670 688
669 675
671 689
669 668
669 705
670 669
670 702
669 699
665 695
671 669
669 702
669 657
671 740
669 679
670 682
669 683
670 691
666 686
670 685
669 661
669 665
669 683
670 659
670 700
669 673
669 690
669 674
671 698
671 672
670 702
670 672
670 694
670 679
665 678
668 683
670 682
669 679
670 681
670 688
670 680
669 713
671 683
670 695
669 650
