669 680
671 678
669 694
670 673
669 691
670 656
669 688
670 669
670 694
670 659
669 679
669 659
670 690
667 689
669 684
669 686
670 685
669 674
669 682
670 699
669 671
669 690
669 673
667 687
669 670
666 698
669 666
669 676
669 677
671 685
669 678
665 678
669 680
669 699
670 685
670 677
670 692
668 671
669 680
665 670
669 688
671 674
670 717
670 664
669 712
669 674
669 701
670 678
670 694
666 673
669 691
670 699
669 684
670 679
669 684
670 692
669 683
666 673
670 662
665 701
670 671
670 692
669 682
670 686
670 676
669 644
670 673
668 668
669 690
669 694
669 699
668 654
669 697
669 694
670 705
667 669
670 686
668 664
667 681
667 693
669 688
667 687
670 672
670 689
670 684
669 721
669 687
667 678
669 689
665 685
671 667
665 705
670 658
670 679
670 652
669 662
670 665
665 692
670 673
665 694
670 686
669 700
670 650
669 668
669 688
669 673
671 674
669 679
670 685
668 682
670 702
669 681
669 710
669 665
670 686
669 675
670 705
669 676
669 706
669 672
669 697
669 680
670 677
669 689
669 672
669 688
671 643
669 699
669 672
669 702
670 692
669 702
670 676
669 693
670 667
669 693
670 672
668 702
669 650
669 669
670 597
669 710
670 676
669 686
670 664
669 678
669 657
670 670
670 680
670 676
669 706
670 662
669 702
670 678
670 688
670 676
669 691
670 666
667 691
670 664
667 672
670 684
666 670
670 669
668 664
669 692
669 692
669 675
669 680
669 711
667 683
671 687
669 681
671 774
669 599
670 684
670 680
669 669
669 682
671 686
669 699
670 674
669 704
669 662
669 674
670 665
669 697
671 669
669 702
669 655
670 706
671 678
669 682
669 656
670 682
669 682
670 701
670 686
670 674
668 683
669 652
670 681
669 674
667 664
669 656
666 696
669 667
665 693
669 659
669 714
669 682
669 700
669 680
670 692
670 668
669 668
669 710
669 671
669 694
670 663
669 689
670 675
670 695
669 665
670 708
669 662
670 684
669 662
669 678
666 690
669 700
666 679
669 696
665 686
669 665
669 685
670 686
669 690
670 672
665 693
669 667
669 698
669 659
666 698
670 670
669 684
669 674
667 681
669 684
670 662
669 674
669 667
669 683
670 668
669 693
670 683
669 673
670 687
669 685
669 670
669 702
