670 674
665 681
670 662
670 694
670 674
667 696
670 687
666 684
669 687
669 684
670 677
669 713
670 685
670 666
670 691
671 661
669 693
668 666
670 688
669 677
669 674
669 683
669 672
669 672
669 688
671 679
669 673
669 676
669 668
664 697
670 673
666 695
670 676
667 688
670 675
669 687
669 675
669 710
669 786
670 686
670 657
669 666
670 678
669 705
670 681
669 683
670 677
668 679
670 683
669 671
669 693
669 669
669 597
667 674
669 694
669 657
669 675
671 683
669 658
669 671
669 700
669 678
669 671
666 687
670 682
669 654
671 660
668 698
670 648
669 680
670 716
670 647
669 664
666 692
669 690
669 691
669 687
669 676
670 677
669 674
670 694
669 683
669 669
669 683
670 717
669 677
670 696
669 652
670 678
669 686
669 705
669 684
669 698
670 678
670 694
669 675
669 685
669 673
669 694
669 692
669 687
669 687
670 689
670 680
667 679
669 704
669 669
669 690
666 701
669 697
670 691
670 659
666 676
669 679
670 660
669 687
669 673
670 678
670 691
669 691
670 673
669 666
670 696
669 665
670 699
669 689
668 692
669 674
669 690
669 685
670 705
670 676
669 678
670 687
670 682
669 663
668 686
670 711
670 664
670 666
665 669
669 705
665 671
670 698
670 670
669 709
670 668
669 683
669 679
670 682
668 681
670 699
669 685
669 696
669 691
670 679
669 672
669 683
670 673
670 642
669 683
669 665
670 697
670 665
669 698
669 684
669 658
669 677
666 682
670 657
669 690
669 676
669 664
670 670
666 680
670 686
670 660
670 701
669 675
669 676
669 661
669 694
669 668
669 666
670 663
669 588
669 676
670 665
669 684
669 690
669 694
670 670
669 681
670 663
669 695
670 655
670 716
669 652
669 682
670 664
670 695
670 685
669 697
670 672
670 699
669 683
669 684
671 676
669 691
669 684
669 675
670 698
669 675
669 695
669 669
670 700
669 665
666 687
669 667
665 688
669 670
670 685
670 695
670 677
670 681
670 671
669 675
669 671
670 698
664 679
669 681
670 673
670 693
666 655
669 694
670 677
670 688
666 675
669 693
670 692
670 697
665 684
669 668
669 680
669 675
664 686
669 665
669 710
669 673
671 709
669 668
671 694
670 669
666 693
669 672
670 689
670 679
667 704
669 681
