669 668
669 695
669 682
669 604
665 698
670 681
666 682
670 677
669 634
670 673
669 687
669 686
669 694
669 668
669 696
670 661
669 701
670 685
667 697
669 678
670 804
670 667
670 684
670 690
669 673
670 686
669 667
669 685
669 663
671 696
669 708
670 704
670 674
670 704
670 688
667 709
670 677
669 682
670 682
668 680
670 810
669 691
669 670
669 683
669 677
671 666
669 698
670 708
669 699
665 680
669 691
666 673
669 690
666 673
669 678
666 669
670 682
670 678
669 690
670 683
669 582
669 675
669 672
667 700
669 684
669 724
670 672
670 818
669 669
670 674
669 656
669 711
669 674
669 675
669 662
671 685
669 680
670 679
669 709
669 667
669 692
670 675
668 685
670 665
669 687
670 650
669 700
670 779
668 711
669 698
669 700
670 682
669 692
670 699
670 656
669 684
670 672
670 687
669 675
669 707
669 663
669 715
669 662
670 697
669 682
669 705
669 642
669 683
669 669
670 687
669 660
669 709
670 682
669 671
669 689
669 678
669 706
670 676
669 741
670 712
669 694
670 667
669 675
669 663
669 688
669 662
670 690
670 683
669 654
670 681
670 700
668 679
670 666
670 688
669 672
670 688
669 676
670 687
670 637
671 701
669 672
669 679
670 651
671 670
669 689
670 683
669 716
670 679
669 684
669 671
669 688
669 648
669 687
669 668
669 692
669 705
669 691
670 673
669 694
669 643
669 681
669 676
669 706
670 707
669 676
669 650
669 688
669 662
669 676
670 697
669 673
670 683
669 663
669 690
669 667
671 682
669 661
670 697
669 705
670 713
669 666
670 683
669 668
671 682
669 703
670 664
670 684
669 667
669 683
670 687
669 610
670 673
669 696
665 660
669 684
670 659
669 658
665 687
674 693
670 719
669 677
667 675
669 678
670 695
670 672
670 698
669 675
669 674
669 651
671 604
668 680
670 715
669 678
670 711
670 689
670 698
670 667
666 676
669 689
669 670
669 663
667 674
669 680
669 673
669 677
666 687
669 692
670 671
669 704
665 657
669 700
670 679
673 696
666 672
669 706
671 680
669 677
670 687
670 689
670 684
670 671
669 688
669 685
670 684
669 680
670 699
669 679
670 688
669 680
671 694
670 660
671 684
670 662
669 691
670 686
669 677
