670 687
666 659
669 687
670 665
670 699
667 685
669 706
670 665
669 695
665 683
669 687
670 685
670 678
665 697
670 662
669 715
670 674
669 682
669 673
670 636
669 671
671 686
669 675
669 679
669 670
669 685
670 666
665 697
665 684
668 672
669 681
669 680
670 689
665 675
665 682
670 660
670 686
665 658
670 687
670 676
669 685
670 655
669 687
670 666
670 690
666 674
670 675
670 678
669 673
670 686
669 668
670 677
670 679
670 677
669 666
670 697
669 649
670 684
669 665
669 668
670 650
670 700
669 629
664 684
670 636
667 687
669 686
670 700
670 694
666 683
670 701
671 666
669 712
670 657
670 702
667 673
670 696
670 650
670 680
670 666
670 678
668 721
671 691
671 687
669 676
669 682
670 698
671 690
669 683
669 719
670 690
669 696
670 692
668 683
670 688
669 692
670 679
669 710
670 574
669 694
669 680
670 669
669 670
671 673
670 690
667 657
669 681
670 695
669 672
670 691
669 677
669 674
670 686
669 669
670 681
669 683
670 685
669 691
670 678
669 685
670 691
669 671
671 694
669 693
670 686
669 701
670 682
669 798
670 656
669 704
670 662
669 677
670 691
670 674
670 679
669 682
669 654
671 693
670 704
669 672
669 793
669 671
670 694
665 646
669 700
670 688
669 670
669 695
670 738
669 692
670 687
670 680
670 693
664 699
670 675
670 669
669 683
669 678
669 684
669 701
670 651
669 708
669 700
670 684
670 647
670 686
670 671
668 697
670 668
667 710
669 711
668 698
671 667
669 690
670 681
669 686
671 713
669 672
670 673
669 667
669 681
667 702
670 680
669 669
670 684
669 665
669 680
669 686
670 687
666 686
667 720
669 686
671 659
666 700
670 657
669 706
670 674
668 675
669 664
666 685
670 668
665 688
669 672
669 684
670 679
669 676
669 689
670 689
670 677
669 698
669 677
669 663
670 711
670 691
669 667
669 651
670 694
670 688
670 685
669 677
669 694
669 711
670 679
670 675
669 694
669 616
665 680
669 676
669 682
669 687
670 665
665 713
670 673
669 697
669 667
669 694
669 648
669 680
669 666
669 683
669 689
670 693
670 692
669 676
670 688
669 681
670 679
669 668
670 680
669 666
669 693
669 691
670 691
669 688
670 690
669 577
670 675
666 670
