680 1023
669 0
675 1023
676 0
684 1023
667 0
665 564
674 219
679 1023
665 0
668 0
665 0
678 0
673 1023
675 1023
665 0
665 0
674 0
675 1023
674 1023
675 123
679 1023
666 0
694 1023
664 772
674 665
674 0
665 0
676 219
674 843
687 1023
678 1023
674 793
668 0
669 1023
672 1023
665 0
674 1001
668 0
674 25
670 772
674 1023
665 438
674 0
676 0
665 502
673 0
665 0
674 603
650 1023
667 0
666 0
665 0
665 0
667 0
661 1023
667 0
660 909
674 0
665 0
665 0
672 1023
667 0
691 1023
674 1023
659 1023
679 1023
670 0
669 1023
654 1023
669 1023
670 1023
674 0
674 1023
692 1023
681 0
666 0
667 0
666 0
666 0
672 548
668 0
666 0
674 0
676 1023
674 1023
674 649
689 1023
666 0
679 1023
700 0
666 0
672 0
669 1023
701 0
672 1023
669 1023
674 601
666 0
665 0
674 1001
666 0
668 1023
674 761
667 884
664 0
665 0
668 0
686 0
665 0
668 0
694 1023
675 1023
675 1023
675 585
666 0
665 0
663 0
675 203
669 1023
665 420
678 1023
664 0
678 1023
678 1023
674 1017
665 0
675 1023
669 1023
666 0
668 0
672 1023
665 0
674 1023
677 1023
665 164
675 1023
676 1023
668 886
674 0
682 0
677 1023
666 0
668 0
668 484
670 0
664 0
669 1023
650 900
679 1023
678 0
674 857
666 0
678 1023
678 27
662 0
665 36
665 0
664 0
666 0
674 0
675 713
670 0
666 0
673 0
665 0
674 731
666 0
675 1023
664 0
674 713
675 377
672 0
679 1023
674 0
674 0
675 1023
657 900
665 0
666 0
675 1023
674 0
675 795
694 0
661 0
675 1023
675 1023
668 0
674 1023
665 0
666 0
665 0
665 372
666 0
671 0
676 1023
662 0
675 1023
665 0
671 1023
666 0
675 1023
674 1023
675 1023
687 1023
674 139
674 331
668 0
671 0
695 0
669 1023
665 134
671 985
665 0
669 1023
675 331
678 1023
667 230
674 0
675 667
675 1023
672 0
687 1023
674 411
676 1023
675 521
665 0
665 0
668 0
678 1023
669 1023
668 0
674 1023
671 646
669 706
675 1023
666 0
666 1023
670 869
658 0
675 1023
674 0
674 667
665 0
669 1023
702 0
666 0
668 1023
675 0
672 0
672 0
669 1023
666 0
668 0
665 0
675 772
