668 0
666 0
688 0
675 1023
675 114
698 0
675 1023
680 0
665 1023
674 0
676 0
677 0
666 893
666 1023
672 0
666 844
665 0
675 918
666 0
666 477
669 0
675 1023
674 0
680 0
657 0
666 620
671 0
675 0
671 0
658 876
669 0
675 0
668 1023
673 1023
666 748
675 183
666 748
675 0
666 0
664 0
675 1023
664 1023
668 0
675 0
664 1023
669 0
675 934
674 0
676 0
701 1023
694 0
672 658
664 1023
675 902
654 0
666 1023
669 0
675 0
668 0
670 1023
666 1023
674 434
662 716
666 0
703 1023
673 1023
700 1023
674 982
666 0
675 0
677 0
671 1023
666 1023
680 0
670 1023
676 1023
668 0
666 844
675 1023
670 774
669 1023
675 1023
662 0
675 390
665 205
666 0
674 98
675 0
675 0
677 0
674 0
675 1023
666 0
675 0
662 876
666 0
674 1023
666 0
675 0
666 0
666 0
670 1023
675 0
665 812
675 1023
666 0
665 973
666 349
666 333
675 566
673 0
670 694
675 694
675 0
666 0
675 0
674 0
655 0
675 1023
675 1023
673 0
669 0
681 0
674 1023
701 1023
663 0
657 0
676 0
674 754
676 0
682 1023
675 0
672 1023
676 0
667 1023
674 854
668 1023
675 294
669 0
665 0
667 1023
657 0
675 1023
675 1023
675 1023
679 0
667 0
689 0
669 1023
675 0
675 310
666 0
666 637
666 0
667 1023
675 0
705 1023
674 854
675 1023
674 918
663 1023
676 77
665 1023
674 0
675 205
666 0
675 1023
675 0
668 1023
675 934
666 461
662 0
665 0
674 438
675 1023
666 0
676 0
675 1023
672 0
676 0
672 822
665 0
675 0
669 1023
666 1023
668 0
666 125
672 0
668 1023
651 0
676 0
676 0
669 0
670 1023
669 1023
677 0
666 813
675 1023
660 0
666 0
675 1023
666 0
675 790
658 0
664 0
675 406
670 0
667 557
666 0
684 0
688 1023
665 0
666 0
679 0
670 0
665 1023
671 1023
668 0
681 0
675 1023
668 269
676 1023
666 0
662 0
666 0
675 1023
669 0
654 0
675 1023
666 0
674 0
677 0
675 1023
668 381
675 1023
660 461
675 1023
665 0
675 1023
671 0
663 0
665 0
675 1023
675 1023
674 1023
674 1023
667 185
674 1023
675 1023
670 0
666 0
675 1023
666 0
665 0
668 0
702 0
669 118
659 11
680 1023
