674 0
667 1023
674 0
668 708
665 1023
675 0
676 0
675 0
670 996
664 0
676 0
670 0
671 0
665 0
665 1023
666 1023
675 0
658 0
667 819
666 1023
667 1023
674 0
668 1023
665 563
665 1023
667 1023
668 1023
666 1023
667 1023
671 387
666 1023
671 0
676 0
664 1023
666 1023
667 1023
666 1023
651 708
666 1023
668 868
666 1023
675 0
675 0
671 0
674 0
691 0
675 0
664 1023
662 430
664 819
690 0
671 307
669 435
675 0
674 0
675 0
665 1023
666 1023
673 0
675 0
675 0
675 0
665 1023
675 0
674 0
669 659
675 0
678 435
675 0
675 0
666 1023
670 204
664 1023
666 526
675 0
658 708
675 0
677 0
665 844
667 1023
667 1023
666 1023
674 0
665 1023
674 3
675 0
668 819
693 0
674 0
663 740
671 0
667 1023
679 0
675 0
675 0
675 0
666 1023
671 0
662 1023
675 0
667 1023
674 0
664 1023
666 1023
673 0
675 0
673 0
672 0
669 836
664 1023
665 1023
658 0
675 0
675 0
675 0
675 0
701 1023
673 0
688 124
674 0
676 0
664 0
678 0
666 1023
675 0
668 371
675 0
666 1023
672 0
674 0
664 1023
666 1023
674 0
675 0
675 0
668 364
666 1023
675 1023
673 0
667 1023
667 1023
667 1023
665 1023
658 1023
670 0
664 951
670 915
672 300
697 691
665 1023
675 0
665 1023
675 0
675 0
674 0
675 0
667 964
663 1023
669 45
673 0
670 0
666 740
675 723
666 1023
666 1023
674 0
666 1023
675 0
677 0
665 1023
674 0
675 0
675 0
676 0
675 0
670 1023
674 0
675 0
666 1023
666 108
670 0
674 0
657 1023
663 1023
674 0
675 0
686 0
674 0
669 45
665 1023
669 675
666 1023
675 0
666 1023
679 675
665 1023
678 0
674 0
666 1023
679 0
674 0
668 998
664 1023
669 695
662 996
666 814
675 1023
676 0
668 994
670 0
666 1023
673 0
675 0
666 1023
674 0
680 0
674 0
658 516
666 1023
659 211
672 0
668 0
666 1023
666 1023
666 1023
674 0
674 0
667 803
666 1023
670 650
689 967
669 891
670 1023
669 1023
667 1023
669 992
666 699
667 1023
669 382
668 737
668 409
668 1023
671 368
670 1023
668 312
670 733
668 278
669 795
670 1004
670 822
670 397
669 816
671 1023
669 677
655 1023
668 564
