675 0
678 51
666 1023
665 1023
676 0
675 0
666 1023
674 0
664 1023
675 0
694 0
660 556
675 0
673 0
675 0
675 0
674 0
667 1011
670 836
671 675
668 292
666 1023
676 0
665 1023
699 403
662 1023
674 0
666 428
669 1023
674 0
675 0
676 0
676 0
674 0
701 83
674 0
666 1023
663 1023
669 236
676 0
667 1023
666 1023
665 1023
666 1023
666 1023
663 1023
674 0
664 1023
684 0
676 0
666 1023
675 0
676 0
676 0
668 236
675 0
668 204
665 1023
675 0
661 1023
666 1023
673 0
672 0
674 0
675 0
665 364
660 484
668 396
671 0
670 803
678 910
670 580
663 1023
668 467
666 1023
666 1023
666 1023
665 1023
667 899
674 307
674 0
668 420
668 300
675 0
674 0
662 1023
671 0
666 1023
665 1023
673 0
675 0
674 0
660 814
693 115
666 1023
666 1023
674 0
666 1023
675 0
675 0
674 0
667 1023
674 0
674 0
675 0
675 0
666 1023
674 0
666 1023
676 0
688 0
665 1023
665 1023
666 364
675 0
674 0
661 1023
674 0
675 0
701 179
666 964
675 0
666 588
666 1023
666 1023
675 0
669 204
674 0
673 0
660 1023
666 1023
666 1023
673 0
665 1023
680 0
668 108
669 1023
665 1023
664 1023
666 1023
667 787
680 0
669 1014
675 0
663 1023
660 772
676 0
674 0
692 0
674 0
666 1023
675 0
674 0
674 0
675 0
666 1023
665 1023
666 1023
667 1023
674 0
664 108
665 1023
676 0
693 0
676 0
666 1023
667 1023
675 0
674 0
667 1023
678 0
675 0
665 932
666 1023
666 1023
667 1023
667 1023
667 1023
676 0
666 1023
674 0
675 0
669 995
666 1023
673 0
674 0
666 1023
666 750
674 0
676 0
674 0
678 0
667 1023
675 0
666 964
666 1023
674 0
669 516
666 1023
664 1023
675 0
694 0
665 1023
674 0
666 1023
672 452
674 0
673 0
675 0
664 1023
675 307
673 0
665 1023
668 0
674 0
670 710
673 0
655 219
665 430
672 0
663 1023
668 0
667 1023
675 0
666 516
675 1023
675 0
667 291
674 0
666 0
665 1023
666 1023
674 0
673 0
663 8
675 19
674 0
667 1023
679 0
675 0
674 0
676 0
674 0
675 0
676 0
666 1023
674 0
674 0
670 0
675 0
675 0
675 0
674 0
664 1023
686 0
665 76
667 1023
680 0
674 0
674 0
674 0
