669 726
670 676
670 694
671 667
669 691
670 687
669 690
671 696
670 677
669 673
670 669
669 697
665 663
669 702
670 663
669 710
671 663
670 698
671 662
669 691
669 793
670 696
669 671
669 738
669 678
670 677
670 683
670 676
669 682
670 666
669 703
670 652
671 679
670 685
670 703
670 650
670 701
670 655
669 704
668 676
667 707
670 671
669 685
671 810
670 670
670 691
670 664
669 688
670 666
670 687
669 683
670 703
670 676
670 687
670 662
670 687
670 672
670 705
671 670
670 679
670 686
669 692
670 680
670 683
669 682
670 665
669 695
669 678
669 698
668 621
670 696
670 674
670 697
667 686
669 693
670 661
669 686
670 679
670 691
670 687
667 682
671 678
670 678
669 587
669 681
670 691
670 678
670 695
669 673
671 690
670 669
670 692
666 661
670 684
670 672
669 691
670 677
670 683
670 687
670 675
671 737
670 675
669 701
669 725
670 705
669 663
669 697
670 661
670 704
664 680
667 693
671 667
669 687
670 676
665 681
669 698
670 690
669 669
670 686
671 684
670 653
669 681
669 664
670 701
669 622
670 703
669 676
670 713
670 671
669 678
666 685
670 677
669 680
671 680
670 677
670 682
670 689
671 673
670 693
670 669
669 691
668 668
670 690
670 667
671 688
671 635
669 678
670 674
665 685
671 690
670 684
669 686
671 673
671 689
670 652
668 695
669 668
670 687
670 670
669 699
670 656
670 698
670 665
671 705
671 682
670 679
669 679
670 668
671 674
670 674
667 689
670 677
670 696
669 658
669 702
671 680
670 655
669 663
665 691
671 662
670 706
670 682
671 680
671 666
670 689
670 674
671 688
671 682
669 675
665 691
668 662
670 697
670 668
668 689
670 642
669 713
665 692
670 705
670 660
670 730
669 659
670 692
669 692
670 684
667 672
665 694
670 678
670 662
671 688
670 692
669 686
669 657
670 697
669 667
670 688
666 640
670 676
669 675
669 699
670 679
671 659
670 674
670 685
669 690
670 685
670 689
665 676
669 696
670 670
670 675
669 809
670 689
670 667
669 699
669 675
670 699
670 673
670 681
670 677
668 680
669 688
669 683
670 691
669 660
671 708
666 668
669 707
670 663
670 690
669 658
670 707
669 673
670 695
667 701
668 682
670 677
670 684
