670 682
670 682
669 672
670 676
670 684
666 671
671 690
670 672
670 694
670 678
670 682
669 699
670 679
670 693
671 677
671 697
670 668
670 680
669 665
670 685
670 672
671 698
670 617
670 687
671 674
670 688
669 687
665 691
671 681
669 682
669 673
670 676
669 671
670 669
671 681
669 670
670 725
665 674
668 688
669 667
669 684
669 674
669 694
670 671
670 679
669 687
670 776
669 677
670 667
671 678
670 679
670 691
671 673
671 673
670 679
668 698
670 676
671 692
670 660
668 613
670 680
669 693
670 670
671 687
670 713
670 680
671 686
670 677
671 682
670 672
670 692
670 648
670 710
666 671
670 701
670 664
669 822
668 665
670 691
670 674
670 681
670 681
669 689
669 685
671 675
669 693
670 665
673 693
670 682
669 675
670 671
666 692
670 681
670 702
665 671
670 686
670 668
670 690
671 693
670 678
670 715
670 690
670 679
671 671
670 702
670 671
670 696
670 663
668 702
670 687
670 694
670 642
666 675
670 670
670 694
668 677
672 684
666 690
670 683
670 668
671 707
669 690
666 679
671 685
669 673
670 687
671 669
669 690
670 657
669 699
670 669
670 686
670 678
670 694
670 682
670 689
670 687
671 681
670 685
669 660
671 698
671 673
669 712
669 684
670 689
669 688
669 772
669 688
670 682
670 675
670 682
669 673
670 683
669 675
670 688
670 687
670 679
667 689
665 666
670 677
670 678
669 676
669 642
669 712
670 677
664 710
667 672
670 684
670 680
670 673
671 628
670 647
670 688
669 686
669 689
669 693
665 703
670 664
670 708
669 669
670 683
670 675
669 704
670 677
670 685
671 678
669 695
671 685
670 695
670 682
667 656
671 672
670 671
669 694
670 664
670 605
670 687
666 676
670 663
670 688
670 674
670 695
670 661
669 691
670 643
670 684
670 688
670 670
670 690
669 685
670 699
669 685
670 691
670 670
670 695
667 651
670 679
670 658
666 707
670 696
670 662
670 676
671 684
671 676
670 677
669 686
665 656
670 690
669 679
669 699
670 673
670 696
670 660
671 698
670 669
670 702
670 682
670 680
669 653
670 673
665 674
671 679
670 672
670 672
669 708
670 670
670 688
670 674
670 706
669 685
670 710
665 651
670 661
669 661
667 707
670 668
670 702
