7671 692
670 690
667 722
666 666
670 697
669 683
669 712
669 667
670 714
669 676
669 698
669 675
670 684
670 660
670 694
671 677
670 688
670 683
670 681
671 674
670 677
668 687
669 672
670 688
669 674
671 678
669 660
670 698
670 649
669 696
670 670
669 705
670 677
670 678
669 662
670 679
671 671
671 677
669 669
672 686
666 674
670 654
669 701
666 649
671 705
669 591
670 687
670 770
669 701
669 686
667 685
671 672
670 688
669 685
669 674
670 684
670 679
670 700
670 677
669 725
670 677
669 699
670 742
670 695
670 660
670 678
670 672
669 700
670 635
670 696
669 677
670 677
669 670
669 668
670 691
669 671
671 678
669 678
670 703
667 696
674 694
670 818
670 696
665 716
674 697
670 692
670 690
669 694
669 680
669 672
669 672
670 689
670 667
669 684
671 669
669 701
670 797
669 694
669 689
670 692
670 669
671 691
670 661
670 691
670 666
671 696
670 685
670 680
670 687
671 676
670 678
669 683
669 696
670 668
670 696
669 616
671 693
670 665
670 704
669 657
669 702
669 663
671 686
669 674
671 697
670 681
670 676
670 684
670 620
669 703
666 669
670 702
670 669
670 690
670 663
671 672
670 674
667 679
669 676
670 702
669 676
670 695
671 668
670 680
670 684
670 689
670 687
669 670
665 701
667 666
670 691
669 679
670 695
669 660
670 694
669 675
664 687
670 666
670 666
666 679
670 688
669 695
670 690
669 698
671 676
669 684
670 684
671 698
669 674
674 703
670 660
669 694
669 690
665 689
667 668
669 819
671 669
670 678
666 688
670 679
669 699
670 683
671 678
670 661
670 695
670 684
669 686
670 675
666 685
670 673
670 687
670 677
670 699
671 676
670 727
669 685
671 814
669 663
669 675
670 686
669 671
670 690
669 662
669 693
669 660
670 685
666 676
670 689
670 679
670 689
668 685
670 639
669 652
669 696
666 670
670 683
670 681
664 682
671 701
670 671
669 693
669 685
670 697
670 655
668 687
669 690
670 698
669 668
671 674
670 677
669 700
669 672
666 696
670 676
669 672
671 702
669 681
670 694
670 675
670 698
670 681
670 684
670 680
670 689
670 674
670 690
666 672
669 694
670 681
669 680
670 698
671 684
669 685
669 669
666 692
669 677
