671 703
670 659
670 740
670 654
670 718
670 673
669 705
670 677
669 683
670 668
670 684
669 686
670 678
670 675
670 685
666 680
670 665
671 709
668 667
670 694
669 668
670 693
670 676
671 699
670 671
669 697
670 675
670 679
670 673
670 674
669 685
670 682
670 688
670 680
670 690
670 667
670 672
667 655
670 708
670 652
670 687
670 672
670 696
671 664
670 700
670 672
669 690
670 682
670 692
671 691
670 686
669 670
668 664
669 680
670 668
671 664
670 656
669 700
669 661
666 698
670 678
670 716
669 636
670 697
671 681
669 703
670 688
670 670
670 709
670 593
670 692
669 673
670 683
669 661
669 680
670 668
670 710
669 791
669 681
669 654
670 655
669 674
669 701
669 704
670 679
669 685
670 681
670 698
669 665
669 696
671 656
670 831
670 640
671 702
670 692
669 700
669 668
669 681
670 680
669 694
669 677
670 674
669 684
669 680
669 673
669 681
669 696
669 663
670 677
670 660
671 704
669 660
668 691
670 680
670 699
669 687
670 675
670 680
670 677
670 684
670 688
669 705
666 672
669 684
670 669
670 690
669 669
669 694
670 684
670 706
670 676
670 678
669 673
669 683
670 675
668 681
670 685
669 686
670 687
670 680
670 688
669 549
668 697
670 637
670 710
670 667
669 703
669 680
671 698
667 666
670 684
670 685
669 588
670 690
670 673
670 683
670 690
670 692
670 677
670 677
670 669
668 687
670 658
670 663
670 640
671 679
669 698
670 694
670 670
670 698
669 668
669 697
669 679
671 687
670 708
669 680
669 693
669 711
669 701
669 671
670 691
670 652
669 690
670 665
669 711
670 716
670 707
670 688
669 675
670 667
667 689
670 683
669 671
665 692
669 674
670 704
670 674
670 689
669 689
670 727
670 667
670 673
670 693
669 687
669 664
669 688
670 683
670 687
669 673
666 675
670 683
671 673
670 688
669 662
669 690
669 676
671 692
671 670
670 678
670 673
667 700
671 642
670 691
670 682
670 683
671 678
669 687
670 692
667 652
669 693
685 673
670 694
667 661
670 707
670 667
669 678
670 676
670 688
665 699
669 698
670 685
669 696
667 684
670 680
670 678
669 697
670 687
667 696
670 687
670 642
671 695
671 679
669 691
669 669
