679 1023
650 36
702 0
701 0
702 0
682 0
677 1023
639 0
702 146
671 1023
650 941
666 0
650 909
645 741
650 1023
650 1023
648 0
701 18
649 301
670 1023
677 0
702 0
649 1023
700 522
655 0
708 843
678 0
652 1023
702 0
676 0
664 1023
696 0
650 173
702 0
648 1023
702 331
703 0
704 907
702 0
669 1023
647 1023
701 0
672 0
650 0
702 523
670 0
669 1023
702 0
650 509
701 0
666 1023
671 0
709 1023
649 0
651 1023
669 0
702 1023
702 0
680 0
661 1023
650 0
702 1023
703 0
697 0
703 0
675 484
701 0
646 1023
669 108
659 1014
666 108
650 1023
668 806
702 0
702 0
681 1023
701 0
649 1023
701 0
664 1023
646 11
697 0
701 0
703 0
702 0
649 1023
668 1023
651 1023
651 1023
650 1023
647 1023
706 366
685 1023
649 1023
667 131
670 1023
651 1023
702 398
702 0
701 0
679 0
703 0
703 0
701 0
702 0
682 1023
702 0
650 1023
703 0
702 0
650 1023
651 1023
699 0
701 0
650 1023
677 0
650 1023
655 1023
666 51
701 0
700 0
690 0
702 0
669 1023
650 1023
650 1023
702 0
701 0
650 1023
675 0
702 0
688 0
701 0
645 1023
672 1023
696 356
651 1023
706 356
651 1023
668 886
701 0
702 324
701 0
649 1023
646 1023
702 0
651 1023
702 0
660 1023
681 0
701 0
702 0
675 0
701 0
650 1023
651 1023
701 0
650 1023
650 1023
650 979
700 0
701 0
703 0
688 462
669 934
649 1023
651 1023
701 0
668 795
669 676
663 1023
701 0
649 1023
701 0
701 0
649 1023
670 934
666 1023
702 0
667 0
699 0
652 1023
662 819
701 0
650 1023
701 0
702 0
650 1023
701 0
669 819
703 0
651 1023
701 0
670 91
701 0
648 1023
701 0
701 0
701 0
648 0
673 0
702 0
673 0
701 0
697 0
701 0
704 0
708 140
704 196
649 1023
650 1023
701 0
701 0
701 0
650 1023
701 0
643 59
701 0
650 1023
658 339
701 12
649 1023
663 1023
641 403
650 1023
702 0
677 0
650 1023
669 838
660 1023
650 1023
697 0
701 0
648 1023
701 0
701 0
704 0
701 0
691 0
650 1023
650 1023
669 838
673 0
682 0
651 931
701 0
651 1023
707 270
651 1023
651 1023
651 1011
698 0
701 0
651 947
701 0
680 0
