670 675
668 677
669 698
670 667
670 673
669 676
670 679
670 683
669 685
668 686
670 673
669 694
670 682
670 706
671 664
670 694
670 668
670 681
670 661
670 682
669 672
670 691
670 719
669 686
670 682
670 683
669 691
669 677
669 700
671 669
669 705
669 676
669 674
671 678
669 684
668 684
671 714
671 660
669 697
670 680
670 684
670 688
669 816
668 680
670 680
669 693
669 676
670 693
669 664
669 686
669 671
670 712
670 676
670 696
669 668
670 681
670 673
670 674
666 677
670 690
670 796
669 680
669 686
670 677
669 698
670 653
669 701
668 666
670 709
670 666
669 701
670 671
669 695
669 677
669 695
670 675
670 695
669 700
665 731
670 680
670 673
669 695
671 666
670 686
670 679
668 691
670 682
670 706
670 673
670 688
671 682
670 696
669 691
670 704
669 681
669 697
670 678
670 568
669 705
669 660
670 676
670 663
669 681
669 664
670 714
671 680
669 674
669 799
671 689
671 666
669 692
670 681
665 685
670 683
670 689
669 686
670 677
670 693
669 723
666 713
671 653
670 693
669 666
670 690
670 668
670 706
670 672
669 677
669 707
670 699
670 690
670 688
670 690
669 674
669 668
670 683
670 709
670 680
669 693
665 678
670 692
669 671
666 701
669 662
670 663
670 678
670 672
670 679
669 684
670 678
667 690
670 693
669 681
670 686
668 672
670 689
669 666
669 681
669 666
670 685
671 668
669 700
670 682
670 686
669 667
670 709
669 681
670 692
669 686
670 693
669 687
670 663
670 682
669 662
670 692
668 680
669 687
669 667
670 690
669 674
671 706
670 662
670 725
669 674
671 688
667 692
669 697
669 684
670 669
670 677
669 668
669 696
670 666
670 690
669 662
669 713
670 653
671 698
667 680
670 687
670 664
670 739
686 681
666 690
670 680
669 686
667 685
670 665
669 672
669 674
669 703
670 663
670 725
670 664
671 694
670 675
670 694
670 672
669 683
670 683
669 691
670 689
670 681
670 693
669 679
669 685
670 671
670 708
669 672
670 682
670 673
669 694
669 672
670 687
670 555
669 696
670 674
670 673
670 691
666 685
670 679
670 675
670 684
669 685
670 702
670 689
670 714
669 680
668 705
669 663
670 676
670 678
665 690
669 675
670 694
