669 689
670 661
670 691
669 665
670 695
670 692
670 701
670 678
670 698
668 667
669 689
670 676
670 695
669 674
670 689
670 679
669 722
670 694
666 664
669 691
671 688
670 697
669 664
669 700
671 674
669 702
670 653
669 689
671 671
669 679
670 677
670 683
671 679
669 689
669 684
670 786
668 683
669 670
669 718
670 682
670 697
669 671
671 705
669 658
669 704
669 779
670 680
669 667
666 680
670 676
670 690
670 680
670 672
670 681
669 645
671 707
669 670
671 708
670 625
669 707
671 681
670 696
671 699
670 688
670 668
670 640
671 671
670 699
669 686
667 657
670 690
669 681
669 697
670 670
669 689
670 663
665 719
670 670
670 686
671 675
669 698
669 662
670 694
670 686
670 698
671 685
670 690
670 671
669 676
670 649
670 691
670 658
670 679
670 702
670 686
670 668
670 664
670 696
670 681
664 704
669 660
670 676
669 692
671 664
669 690
669 693
670 683
667 666
670 695
669 665
670 690
670 659
670 692
670 683
667 691
669 685
670 694
671 678
670 709
669 684
670 699
665 733
670 679
670 693
670 663
669 669
670 667
670 677
670 674
670 687
671 670
670 724
670 657
669 680
670 671
670 666
669 666
670 691
670 687
670 681
669 712
666 690
672 687
670 677
669 708
670 678
670 685
669 659
664 682
667 662
671 689
669 674
669 694
670 671
669 691
670 665
669 684
671 666
670 730
668 687
669 669
670 693
669 680
669 670
670 673
669 702
670 693
666 698
668 669
671 689
669 675
668 700
670 677
670 685
669 690
669 712
670 683
669 693
669 685
667 664
670 695
670 671
670 701
669 567
669 686
669 663
670 690
670 688
669 707
670 670
669 695
671 686
671 685
670 694
669 689
669 692
667 677
670 659
669 674
671 687
670 674
670 700
669 677
670 680
670 669
669 698
669 659
670 703
670 670
670 683
670 672
670 680
670 685
669 684
670 685
670 669
670 696
669 665
669 702
669 666
670 672
670 671
668 712
670 665
670 697
670 670
670 697
670 670
670 724
670 679
670 684
670 687
671 677
669 688
670 676
669 689
668 647
670 691
684 668
670 690
669 666
671 694
670 678
670 684
665 666
669 700
670 677
669 684
670 685
670 693
669 683
669 667
665 691
671 683
670 745
670 678
670 702
670 666
670 723
670 660
670 689
670 670
669 684
