669 575
669 695
669 672
670 677
664 685
670 682
670 693
669 694
670 687
670 666
670 667
670 672
666 697
671 689
670 689
669 669
670 700
670 680
669 699
669 674
669 686
670 673
671 677
668 687
670 656
670 711
670 684
667 695
670 656
670 703
669 677
671 692
664 667
670 692
669 676
668 694
669 690
669 699
670 683
670 695
670 562
670 679
669 683
670 662
670 694
669 679
665 686
670 685
670 704
670 658
671 692
670 682
669 691
670 685
670 708
670 687
669 702
670 686
670 677
670 696
669 672
670 699
670 672
670 671
669 665
671 684
670 671
670 699
669 651
670 717
670 667
670 697
670 682
670 692
669 675
665 678
670 678
669 677
670 686
669 658
670 699
671 678
670 699
670 652
669 684
670 653
670 674
670 703
664 691
671 669
670 683
671 677
665 677
670 696
670 696
670 701
668 673
670 680
669 663
669 704
670 680
671 704
665 680
669 697
671 670
670 698
670 645
670 709
670 671
670 687
670 686
670 670
670 681
669 675
669 695
671 666
671 697
669 662
669 694
665 660
670 704
669 677
670 706
668 678
670 678
670 677
670 566
670 680
670 689
670 695
669 696
670 696
669 674
670 690
669 679
670 702
670 673
670 676
669 686
670 705
669 661
670 695
670 665
670 679
669 682
670 690
666 668
670 687
670 683
670 683
670 685
670 682
670 685
668 651
671 694
670 656
670 701
666 672
670 692
670 657
669 688
669 675
670 704
669 654
669 690
669 677
670 671
669 693
669 660
669 686
669 674
669 688
670 661
671 697
670 645
670 718
666 674
671 697
670 664
670 686
668 673
670 683
669 680
669 680
666 681
670 674
669 681
669 680
668 720
670 671
670 711
670 668
670 712
670 694
668 721
669 677
670 693
670 663
670 686
668 677
670 679
670 690
669 664
671 694
670 666
670 708
669 673
670 707
666 664
670 688
669 666
670 686
670 676
670 684
668 671
670 683
670 689
667 689
668 686
670 680
669 672
669 684
669 687
670 659
670 666
669 651
670 694
670 680
669 687
669 656
670 697
671 668
670 690
669 686
670 702
670 671
669 670
670 684
668 687
670 694
670 672
669 695
670 653
670 681
670 652
669 709
669 675
669 700
669 657
665 588
670 660
670 678
669 679
669 701
670 682
670 696
