669 684
669 686
670 650
670 694
669 670
670 699
670 683
670 673
670 670
671 660
670 680
670 665
670 689
670 677
670 684
669 671
670 687
669 668
670 703
670 676
670 695
670 664
669 690
670 658
669 685
667 671
669 694
668 686
669 660
669 690
670 666
669 685
670 671
671 694
669 662
669 699
670 662
671 707
670 675
665 699
670 675
670 687
670 688
667 675
669 664
670 673
670 699
670 674
670 732
669 670
670 698
670 668
670 695
672 663
669 702
669 691
670 667
670 676
670 680
670 668
670 674
669 694
667 684
669 690
670 700
670 691
670 665
670 693
669 674
669 705
670 684
669 679
670 669
665 689
667 661
670 694
670 672
671 682
669 671
670 686
669 681
670 683
670 735
670 659
669 704
665 652
670 701
670 665
670 671
670 673
670 692
670 707
669 673
671 677
669 689
670 664
670 681
670 660
670 675
669 664
669 675
670 738
669 672
670 688
671 670
670 687
670 660
670 694
670 677
670 712
670 662
667 705
671 669
670 687
670 684
669 681
670 693
670 676
670 689
668 664
670 681
669 662
670 587
670 669
670 708
669 675
669 685
670 661
669 696
670 679
670 681
670 667
670 694
670 684
668 673
670 693
670 677
670 685
670 681
670 682
670 682
669 701
670 666
670 695
669 663
669 693
668 693
670 692
670 673
666 680
670 677
670 685
670 667
670 686
670 682
666 668
670 710
667 675
670 708
669 653
669 701
670 669
669 697
670 678
669 696
665 680
671 685
669 678
669 683
670 682
670 668
670 693
666 682
670 686
670 681
669 702
665 683
670 699
669 677
670 688
669 657
670 696
670 670
670 674
667 685
670 693
669 668
669 670
669 690
670 683
670 686
671 688
670 688
670 693
669 696
669 675
669 700
670 660
669 580
669 677
670 700
670 663
670 676
669 679
671 677
670 602
669 672
670 710
670 677
670 676
669 688
669 654
670 682
669 736
669 662
669 690
666 678
670 713
670 687
670 723
671 563
671 702
669 683
669 686
670 700
668 689
669 690
670 743
670 685
669 684
669 677
669 655
670 708
669 670
669 708
670 674
669 689
670 669
670 692
671 684
670 679
670 678
666 816
670 683
670 663
670 681
669 672
670 694
670 661
669 830
671 661
669 716
669 670
669 709
670 657
670 696
669 681
