670 702
669 673
670 680
670 676
670 695
669 664
669 700
669 680
670 687
670 670
670 695
670 672
669 690
669 694
669 607
671 679
669 675
670 689
670 671
670 695
670 644
671 684
671 673
670 705
665 668
670 697
670 797
669 696
670 682
668 687
669 683
670 675
669 702
671 653
670 693
670 679
670 698
670 679
670 704
669 643
667 691
668 654
671 696
670 666
665 657
670 679
669 687
666 678
670 675
670 682
669 617
670 693
670 670
670 700
664 684
670 691
670 663
670 681
663 655
671 688
670 663
665 728
669 687
669 703
670 670
671 691
669 670
670 682
671 684
669 688
670 679
669 662
670 682
670 680
670 616
669 632
668 700
670 679
670 706
669 671
669 692
670 663
670 696
670 679
670 690
670 676
669 675
669 683
670 659
669 679
669 686
669 721
670 660
669 695
669 660
666 706
669 677
671 685
669 670
670 686
670 678
669 689
671 686
669 681
669 687
669 666
666 686
670 662
670 698
669 656
669 698
669 662
670 689
669 682
670 710
669 677
670 688
669 685
670 701
670 660
669 681
667 681
668 667
670 680
669 671
670 696
670 653
669 668
670 676
670 708
669 672
669 703
669 653
669 703
666 674
670 688
670 686
669 693
670 701
669 667
669 677
670 677
671 691
669 653
671 691
670 676
670 685
669 664
670 687
669 677
669 682
669 666
670 697
670 682
669 682
669 680
670 684
670 713
669 674
671 689
669 686
670 701
669 674
670 702
669 665
669 689
669 674
667 714
671 663
669 692
670 679
670 687
669 689
665 688
670 689
669 684
670 681
670 681
671 684
669 674
669 699
670 670
670 703
670 653
669 692
670 684
670 683
669 678
669 671
670 685
670 683
670 691
670 675
670 689
670 732
670 683
671 673
670 692
669 670
670 706
671 681
670 706
670 672
668 689
670 665
670 694
670 656
669 687
669 679
670 680
667 685
671 680
669 666
670 683
670 691
668 648
670 676
669 679
670 662
671 672
669 693
669 666
670 689
670 650
668 697
669 690
671 681
670 679
670 680
670 687
669 679
670 695
670 644
667 711
670 675
670 704
668 674
669 701
670 655
669 681
669 659
669 732
669 666
669 690
670 671
670 682
670 695
667 673
670 687
670 689
669 695
669 656
670 702
