662 691
669 673
666 647
669 663
668 685
669 680
671 682
670 676
668 686
670 678
669 670
670 701
670 680
670 679
669 642
670 694
670 683
670 692
669 683
670 690
669 662
670 690
669 694
670 690
670 683
669 679
669 679
670 674
669 685
670 672
669 694
670 663
665 709
669 670
669 696
669 660
669 689
669 678
666 709
669 679
669 686
670 697
669 681
670 665
669 674
669 689
668 674
669 672
668 651
669 706
669 670
669 697
669 654
670 681
670 679
669 688
669 667
669 712
669 651
670 692
669 596
670 705
671 640
670 674
669 692
670 660
670 687
669 676
668 709
669 684
670 696
669 676
669 739
669 564
669 706
670 641
665 686
670 680
669 692
670 684
669 687
670 690
669 676
669 685
669 673
669 695
669 713
670 676
667 669
669 676
669 685
669 677
669 681
670 693
669 690
670 693
669 690
669 668
669 687
671 664
670 694
670 671
669 686
670 697
670 707
670 664
669 689
669 677
669 690
669 668
671 692
670 677
669 691
670 666
670 687
669 681
669 685
669 687
669 658
669 701
669 683
670 680
669 668
669 702
669 657
670 714
669 658
669 692
669 694
670 694
669 679
669 662
669 685
669 677
670 697
669 677
669 698
670 665
669 707
670 677
669 692
671 680
669 692
665 543
669 659
671 663
669 703
669 674
665 689
669 673
670 674
669 659
670 680
670 687
669 679
666 662
669 642
671 689
670 678
669 684
670 676
670 698
669 682
670 678
669 656
669 698
669 680
665 695
670 679
670 667
670 690
668 672
669 679
665 657
670 704
667 680
669 699
670 649
669 684
665 678
669 691
669 675
670 699
669 666
669 688
669 678
669 688
669 683
669 687
669 693
670 701
669 704
670 676
669 693
670 670
669 683
670 673
669 705
670 653
669 676
670 684
668 620
670 664
669 683
670 656
669 677
669 687
670 663
669 702
669 668
669 691
669 669
669 682
669 665
670 700
669 652
667 689
669 677
669 687
669 661
666 675
670 681
669 679
670 678
669 566
670 727
671 663
670 687
666 663
669 714
670 658
672 692
670 680
669 697
670 685
668 680
665 678
669 768
669 676
669 695
669 683
670 681
670 688
670 668
667 702
669 654
670 691
670 666
669 691
670 661
669 692
669 668
668 701
