669 664
670 676
670 672
670 696
669 673
670 574
669 662
669 700
669 676
671 651
666 682
671 688
669 681
671 681
670 788
669 688
670 711
669 690
669 692
670 655
669 699
669 691
669 701
670 673
670 707
668 678
670 684
670 672
670 691
671 687
670 680
669 686
669 677
667 697
670 577
670 682
671 669
669 696
670 683
665 698
669 668
669 689
669 686
664 680
669 678
666 678
669 669
671 680
670 674
669 696
670 691
670 689
669 677
669 558
670 707
669 694
669 694
669 671
670 721
670 686
670 676
670 677
669 695
669 678
666 689
670 686
668 677
669 686
670 680
670 683
666 678
670 695
670 681
669 692
669 674
669 694
666 659
670 695
669 675
669 691
669 671
669 698
669 680
669 702
669 699
669 669
670 693
670 677
669 697
670 666
670 714
670 677
669 687
670 668
669 691
669 660
670 696
667 641
669 689
670 673
670 735
669 676
670 662
671 669
670 682
668 689
670 671
669 699
669 679
666 697
669 678
666 672
670 660
669 692
670 661
669 686
670 669
669 686
670 709
669 675
669 683
669 675
666 694
670 673
670 699
670 669
666 685
669 679
670 717
670 698
669 687
670 668
666 684
669 675
669 683
670 673
669 567
671 683
669 672
670 680
669 690
669 671
669 679
671 713
670 673
669 681
666 663
669 687
669 702
670 707
669 649
666 684
669 701
670 681
669 685
669 655
670 690
670 698
669 693
670 655
669 676
669 664
669 711
665 667
670 816
671 689
669 722
670 668
669 690
669 702
669 699
670 696
670 669
668 677
670 672
665 693
671 673
669 706
670 671
669 684
670 661
669 695
670 655
669 707
665 669
669 688
669 656
670 677
668 689
669 674
666 691
669 693
665 683
670 663
669 720
669 656
669 682
669 644
666 689
670 679
669 681
669 669
669 684
670 798
669 663
670 679
669 683
670 683
669 683
670 689
669 669
670 669
669 686
670 701
669 666
670 698
669 673
670 679
670 666
666 692
670 670
670 700
670 666
669 738
671 679
669 684
671 683
669 685
670 687
665 682
670 677
669 663
669 683
665 680
669 697
670 663
671 685
670 670
670 704
669 667
671 695
669 689
671 694
670 665
670 724
670 693
670 693
670 694
665 673
670 688
669 675
669 698
667 668
669 696
670 676
669 689
