671 692
671 694
669 693
669 679
671 700
670 683
670 693
670 656
671 688
669 691
670 716
670 682
669 672
670 679
670 658
669 706
669 671
670 690
669 696
669 700
670 658
670 698
669 663
668 695
670 676
670 678
669 689
670 679
669 697
669 670
670 688
669 669
670 694
669 672
670 701
670 669
670 702
665 671
669 687
669 670
669 683
670 685
670 688
668 688
669 680
670 694
670 673
670 680
669 664
670 694
669 678
669 768
669 685
670 701
665 672
670 696
670 655
669 594
669 695
670 692
670 681
669 690
670 687
671 624
669 709
671 673
669 683
671 655
670 678
666 651
670 713
670 668
668 691
669 654
669 691
670 648
671 704
670 677
670 674
670 678
671 686
670 701
669 683
669 697
669 676
670 688
670 673
670 711
664 679
671 703
670 667
669 713
670 678
670 678
678 678
669 675
670 654
669 678
665 680
670 667
669 677
670 680
671 694
669 601
669 689
669 662
670 698
669 672
667 661
670 681
670 689
669 669
671 686
670 696
670 690
669 740
671 679
670 687
670 689
669 691
670 681
670 715
668 677
668 707
670 688
670 693
669 645
669 699
669 675
669 687
664 674
671 692
670 669
669 678
668 673
670 681
666 678
669 677
669 689
670 647
671 712
668 671
669 690
669 663
670 662
670 654
670 685
668 673
670 689
669 683
670 686
669 681
668 692
669 668
669 671
663 691
670 678
670 686
669 675
670 699
670 680
669 702
670 673
671 702
670 670
670 714
670 681
670 689
670 684
669 683
669 687
669 678
669 679
671 552
670 679
670 681
670 686
671 674
669 710
670 650
670 695
670 636
670 712
669 677
671 680
669 692
667 689
670 683
669 687
669 688
665 716
670 678
670 676
669 704
670 682
670 687
670 665
671 701
671 652
670 690
669 676
670 697
670 668
670 683
665 690
670 675
669 676
669 657
671 691
671 684
669 688
670 686
665 567
670 662
670 688
670 677
670 702
670 695
670 676
669 671
670 684
670 677
670 679
670 667
670 677
669 680
668 675
670 684
670 675
666 711
670 676
670 682
668 654
669 684
670 668
669 684
669 669
671 673
669 681
669 690
670 679
669 679
670 671
669 691
670 680
669 672
669 688
670 694
670 705
670 679
669 685
670 665
670 715
667 660
670 689
669 649
