671 686
670 680
670 680
670 674
669 686
671 689
670 671
670 685
669 644
671 689
669 659
670 704
669 658
670 705
670 653
665 706
668 676
670 697
670 718
671 689
671 681
669 672
669 679
671 676
670 694
669 663
670 714
670 660
667 704
669 649
669 681
669 673
666 708
670 668
669 701
669 676
669 685
665 680
669 686
669 693
669 680
671 829
669 664
669 690
670 672
669 713
669 661
670 698
669 676
669 697
669 723
670 711
669 668
665 703
669 677
669 693
670 657
669 680
670 680
670 689
669 698
670 691
671 694
669 668
670 691
669 658
670 679
670 656
670 703
669 678
670 686
669 675
670 685
670 688
670 674
667 681
669 686
670 686
671 687
668 681
670 668
669 690
669 731
668 687
670 660
669 708
669 660
671 692
670 683
670 678
666 676
670 687
669 679
665 685
668 683
670 679
669 692
669 673
670 696
670 667
669 700
670 671
671 691
664 666
670 706
670 672
669 693
669 661
670 682
670 694
669 669
667 676
670 658
669 690
669 661
670 701
670 660
669 705
670 660
670 691
670 674
670 711
671 687
670 693
670 685
670 695
673 671
669 680
671 681
670 685
669 673
668 674
671 773
670 661
670 692
669 675
670 710
670 664
669 693
670 673
670 690
669 665
669 685
665 679
669 696
670 696
670 673
671 679
669 671
670 690
670 797
669 694
669 678
669 712
669 674
669 698
669 677
669 706
669 663
669 687
669 666
670 691
670 676
670 678
669 676
667 665
669 687
669 676
670 704
670 676
669 699
669 680
669 697
671 658
669 669
669 684
670 716
669 658
670 681
670 687
669 681
671 677
671 674
669 694
669 661
670 691
670 673
670 682
669 673
670 688
670 685
671 697
669 666
670 691
669 674
670 692
670 606
669 697
669 689
667 693
670 677
670 710
670 675
669 675
670 704
670 656
670 698
670 670
669 701
667 669
669 691
670 673
670 691
666 688
670 684
669 633
670 681
667 672
669 676
670 684
670 673
669 674
669 672
669 680
670 701
670 713
669 684
670 701
670 675
670 714
669 670
671 693
670 676
670 706
669 696
670 678
670 683
668 664
671 683
670 674
670 696
670 679
670 702
670 674
670 694
670 668
670 688
670 654
669 700
670 679
670 684
669 669
669 683
