671 670
670 674
670 694
671 686
670 676
669 680
669 687
670 681
670 673
669 650
671 705
671 663
669 697
666 790
669 686
670 674
670 696
671 673
670 686
670 674
668 666
671 664
669 668
670 684
666 677
670 704
670 676
669 679
670 692
670 707
670 668
665 687
670 679
670 691
668 669
670 701
670 686
670 677
670 684
670 684
669 679
670 668
670 680
669 676
670 703
670 661
670 696
670 659
669 692
670 663
670 696
666 679
670 696
670 689
665 682
669 672
669 688
670 682
669 574
670 697
669 658
668 698
671 663
670 671
669 667
670 701
670 676
669 695
670 660
669 813
670 663
665 699
670 678
670 692
670 685
670 683
668 685
665 687
670 689
670 674
670 695
670 666
670 660
669 658
670 702
670 672
670 699
670 674
670 680
670 668
669 690
669 658
670 708
670 682
669 678
670 687
669 735
670 694
669 666
670 690
667 664
667 714
670 658
670 703
669 660
670 680
670 655
670 706
669 686
670 691
669 666
669 676
670 683
670 671
669 671
671 675
670 701
669 669
670 715
670 665
670 695
670 682
670 719
669 550
663 677
669 681
670 696
670 661
670 691
670 674
669 686
670 694
671 679
671 691
670 688
670 688
670 666
670 701
669 658
670 646
670 674
670 703
669 673
670 698
669 568
671 698
669 672
670 677
670 708
669 681
670 685
669 668
668 703
669 681
670 689
667 674
670 687
669 669
665 690
666 680
670 749
669 675
671 698
670 675
669 682
670 684
670 683
670 694
670 677
665 692
669 660
669 689
670 667
669 684
670 668
670 704
670 612
670 704
670 653
670 698
669 651
670 678
670 678
670 691
669 686
665 697
668 698
669 616
670 706
669 671
670 698
670 680
670 692
670 704
670 696
667 668
671 704
670 657
670 683
670 691
671 677
670 674
670 683
670 698
670 580
669 704
666 662
669 706
669 618
670 684
671 678
669 695
669 655
670 695
670 677
670 699
670 664
666 680
669 673
669 683
669 683
668 666
670 684
669 682
670 691
669 670
669 700
671 685
670 691
670 674
666 684
671 682
670 693
665 671
669 689
670 681
670 684
670 649
669 675
669 680
669 676
671 697
671 672
666 693
670 676
670 705
670 668
671 703
669 796
670 694
669 686
671 694
670 670
669 682
