
669 680
669 671
670 684
665 679
670 691
670 666
670 688
669 666
670 704
669 665
670 689
669 681
670 717
669 667
670 678
670 668
669 688
669 682
670 676
670 695
667 686
670 689
666 660
670 687
670 680
670 686
670 783
670 690
666 667
669 674
669 676
670 707
669 670
671 679
665 689
670 685
666 696
671 677
669 683
669 678
669 694
670 670
669 695
670 659
670 697
669 701
669 697
669 663
669 663
669 676
669 692
670 694
670 691
668 676
669 669
670 800
670 668
670 686
669 654
670 688
670 641
668 682
669 677
669 699
670 677
669 728
670 669
669 685
670 667
669 663
669 675
669 672
670 678
669 673
669 710
670 673
670 690
668 668
670 707
669 682
665 699
669 677
670 698
670 670
667 683
670 682
669 674
669 684
669 674
670 687
667 681
669 707
669 672
670 686
668 656
669 703
669 663
665 713
669 666
665 694
669 686
670 700
669 669
668 695
669 709
669 692
670 686
669 692
670 689
669 712
669 691
669 672
670 683
668 657
670 703
669 651
670 676
669 676
670 690
670 669
667 692
670 683
671 680
670 653
669 682
670 681
669 684
669 698
669 678
670 692
669 660
669 685
669 670
671 701
669 674
670 693
670 675
670 692
670 685
670 680
669 673
666 675
669 681
669 685
670 692
669 671
671 690
668 651
669 673
668 670
669 687
665 691
669 699
668 667
669 693
669 687
669 696
669 670
669 688
669 665
669 679
669 680
670 662
669 685
670 670
669 696
670 669
669 698
670 674
669 695
670 657
669 691
670 668
669 684
670 674
669 673
671 667
669 670
669 683
669 682
671 690
670 668
668 703
669 670
669 687
669 691
669 679
670 668
669 696
670 682
670 690
671 672
669 698
671 683
669 685
670 668
669 685
671 682
669 683
670 685
669 681
668 683
669 682
671 826
670 678
665 704
670 670
670 696
670 675
670 688
670 682
667 674
670 693
669 661
670 690
665 679
670 686
669 679
671 687
668 670
670 690
669 641
670 696
669 677
670 709
669 667
669 696
669 673
670 684
670 672
670 683
669 680
669 785
670 686
669 669
670 726
667 649
670 703
669 654
669 690
668 674
669 696
669 665
670 666
669 674
670 670
669 669
669 691
669 675
670 671
669 681
669 677
669 689
670 667
669 691
669 682
