1023
0
150
0
1023
0
1023
850
0
0
1003
0
1023
598
0
1023
1023
1023
850
1023
0
683
0
0
0
0
1023
1023
0
0
0
0
1023
427
0
0
278
214
1023
1023
1023
1023
1023
0
498
1023
1023
0
0
1023
754
1019
361
0
0
1023
0
1023
363
0
0
0
0
0
1023
0
1023
0
518
0
1023
0
0
0
0
0
41
0
246
246
0
658
0
0
22
86
0
1023
1023
0
0
0
1023
0
1023
681
0
1023
0
1023
0
0
239
683
971
1018
790
0
0
1023
390
834
1023
0
555
0
0
0
843
0
1023
1023
1023
1023
0
0
0
0
1023
0
1023
0
86
939
425
1023
1023
0
946
1023
1023
1023
1023
0
374
1023
0
1023
1023
0
0
118
1023
0
265
491
127
111
1023
0
1023
0
0
1023
0
0
587
918
0
1023
0
1023
523
0
0
1023
1023
1023
0
0
1023
715
0
0
0
0
0
1023
0
0
0
4
1023
0
0
0
267
1023
0
0
1023
1023
1023
0
233
0
0
1023
0
0
0
898
1023
0
843
811
0
1023
1023
0
0
681
0
0
0
0
