0
0
534
0
962
0
207
0
0
166
1023
0
1023
0
201
0
171
1019
1023
534
1023
1023
1023
1023
1023
0
214
1023
1023
0
598
1023
0
1023
1023
754
715
0
0
0
0
1023
406
0
0
1023
1023
406
1023
1023
0
0
0
1023
1023
0
0
457
1023
1019
390
0
0
0
0
0
1023
0
0
0
0
118
0
0
1023
0
0
891
1023
0
0
1023
1023
1023
1023
1023
587
0
0
1023
0
0
0
1023
0
246
0
1023
0
0
1023
0
713
662
811
0
875
1023
927
0
0
726
0
0
1023
779
201
1023
459
0
102
0
0
0
6
0
0
1023
0
617
0
310
1023
0
1023
1023
1023
1023
15
873
0
0
0
990
0
203
491
635
0
939
171
1023
0
0
1023
0
0
0
1023
1023
0
1023
