1023
0
0
1023
0
1023
1023
0
175
0
1023
1023
0
0
54
1023
22
0
0
0
0
0
0
1023
0
0
0
1023
0
22
1023
1023
0
1023
454
1023
0
0
0
0
0
107
0
758
0
189
1023
1023
1023
1023
0
0
1023
518
22
534
850
0
0
0
1023
278
0
1023
0
0
278
1023
0
9
0
0
1023
1023
1023
1023
1023
1023
843
0
875
918
0
43
0
0
1023
587
1023
0
246
658
0
0
745
891
507
639
0
1023
1023
0
1023
0
0
1023
918
0
1023
1023
1023
939
0
0
0
0
1023
0
