342
0
1023
1023
0
9
1023
0
1023
0
971
0
0
1023
1023
1023
1023
1023
1023
0
0
0
0
0
1023
0
1023
0
0
0
1023
86
1023
0
0
0
0
0
1023
1023
0
118
1023
971
1023
0
1023
0
1023
0
0
1023
0
1023
0
0
0
1023
0
1023
1023
1023
0
0
0
962
1023
518
0
758
0
0
0
0
0
822
0
0
790
0
73
0
278
786
1023
1023
278
1023
342
1023
1023
1023
1023
1023
0
0
779
939
0
0
0
422
1023
598
1023
1023
1023
1023
0
0
0
818
502
0
1023
1023
1023
0
0
0
0
598
0
0
0
0
438
1023
971
1023
617
1023
0
0
1023
0
0
0
873
0
0
0
0
0
0
0
0
0
0
0
1023
0
0
1023
0
566
0
0
0
0
1023
1023
