1023
1023
713
0
1023
1023
715
0
1023
0
1023
1023
1023
1023
1023
1023
0
0
0
1023
1023
25
0
914
0
0
150
0
1023
1023
777
1023
1023
0
1023
1023
1023
0
0
278
0
0
0
514
553
0
1023
1023
214
1023
683
1023
1023
0
1023
0
0
379
891
0
1023
0
0
0
1023
0
310
0
0
0
1023
1023
0
1023
1023
1023
946
0
1023
0
873
523
0
0
0
0
0
0
1023
0
843
0
0
0
425
0
0
0
1023
658
0
1023
1023
585
1023
1023
0
0
850
1023
0
0
0
0
1023
0
0
0
0
1023
0
0
438
1023
0
0
1001
0
0
0
971
0
1023
710
1023
843
0
1023
1023
1023
0
777
1023
0
0
713
862
0
1023
1023
0
0
706
0
6
777
0
617
0
946
0
