0
0
1023
1023
0
1023
0
1023
0
1023
0
0
1023
1023
0
1023
329
0
41
0
0
0
843
0
1023
1023
0
0
0
1023
0
0
0
267
790
0
1023
1023
267
0
1023
0
0
0
0
1023
0
1023
498
0
747
1023
0
166
0
0
0
758
585
0
1023
0
0
0
0
297
706
1023
0
1023
1023
706
1023
0
0
111
0
0
1023
0
0
342
1023
1023
1023
843
1023
1023
22
1023
1023
1023
267
0
470
491
0
0
0
1023
722
1023
0
1023
1023
0
1023
1023
0
0
0
0
1023
0
1023
978
0
0
1023
1019
1023
374
0
1023
1023
617
0
0
1023
102
0
0
361
1023
0
706
1023
0
1023
1023
0
0
1023
459
70
425
1023
6
0
1023
0
0
713
86
1023
0
0
1023
1023
0
0
619
45
1023
882
662
