0
722
175
662
342
0
0
1023
0
0
73
0
587
0
0
0
0
0
0
635
1023
1023
889
329
706
1023
0
891
0
617
0
1023
1023
1023
1023
0
1023
1023
0
278
342
0
1023
0
1023
0
0
1023
0
0
0
0
0
0
585
1023
633
523
0
0
971
0
0
1023
182
1023
0
1023
1023
1023
0
1023
0
0
0
534
9
0
0
459
0
1023
0
0
726
1023
0
0
779
265
0
722
1023
118
0
854
0
854
0
0
0
1023
1023
0
0
534
1023
1014
726
299
706
0
1023
1023
0
0
0
406
0
0
1023
1023
0
1023
841
0
0
233
1023
0
0
329
0
1023
0
811
0
1023
0
0
0
982
0
694
1023
1023
