670 671
671 687
669 702
669 689
671 639
670 695
669 696
671 706
670 672
670 704
670 661
670 696
670 712
671 714
670 668
670 690
669 675
668 697
670 671
676 689
671 687
670 673
670 692
670 658
669 714
669 673
670 691
670 648
669 682
669 657
669 690
669 647
669 689
669 674
671 681
670 662
669 695
669 691
670 679
670 680
669 689
670 716
669 682
669 698
670 667
670 696
670 575
670 695
670 677
665 685
669 668
670 697
666 682
670 667
670 676
670 688
670 688
670 697
669 693
669 677
670 696
670 674
665 572
667 664
669 703
665 652
670 704
671 671
670 692
670 560
669 683
672 694
670 691
670 668
670 669
669 699
670 666
670 683
670 654
671 698
669 649
669 702
670 655
669 696
670 670
670 695
670 697
670 719
669 673
666 685
670 678
670 684
670 689
670 674
670 700
667 674
670 670
665 678
670 694
669 650
670 695
669 659
669 686
668 660
670 700
668 684
670 697
670 678
669 675
670 687
670 657
670 685
669 681
670 680
671 661
670 706
671 718
670 686
670 671
670 687
669 680
671 690
669 664
668 688
670 694
669 667
666 690
670 743
669 665
669 676
670 680
670 670
671 700
669 673
667 689
670 673
665 693
669 670
669 680
669 676
668 691
670 628
668 688
669 687
670 694
669 701
669 675
670 693
670 662
669 693
668 669
669 679
669 687
670 683
670 667
669 697
670 681
669 700
669 676
669 682
669 670
669 680
670 674
670 659
670 690
670 689
671 690
670 673
670 688
670 662
670 680
667 667
669 687
666 673
669 685
670 681
669 675
670 687
670 678
671 691
670 690
670 697
666 679
670 707
670 683
669 685
669 657
670 690
670 661
670 698
667 664
669 682
669 671
668 687
670 679
670 689
669 678
669 686
670 682
670 674
670 684
671 673
670 687
665 660
669 701
670 685
670 696
670 661
669 703
670 675
669 707
671 682
671 681
671 639
669 685
671 678
670 675
671 673
670 673
670 682
670 684
670 690
668 674
670 682
669 661
669 591
670 684
669 696
670 671
668 673
670 691
669 694
669 690
671 691
669 675
670 666
670 681
670 704
670 682
670 662
669 701
670 660
670 685
669 722
670 669
671 666
670 683
670 677
670 698
669 685
669 696
670 682
671 816
670 689
669 678
669 689
