670 696
669 688
669 692
670 679
669 688
670 676
670 675
670 658
669 683
670 759
667 706
670 676
669 681
669 666
670 689
669 665
671 691
669 692
671 755
670 697
670 659
670 684
670 666
670 693
670 651
670 687
670 662
670 758
668 660
670 683
669 680
668 691
670 664
670 697
669 665
671 685
670 691
669 671
666 679
671 672
670 675
677 686
671 698
670 677
669 701
670 762
670 709
670 671
669 691
670 682
670 688
670 689
666 631
670 675
670 689
670 688
665 684
666 681
669 657
670 690
670 672
665 722
669 681
671 685
671 682
670 693
671 682
670 703
670 672
670 695
666 675
670 682
669 671
670 686
670 693
669 700
670 706
669 671
670 696
670 648
670 696
667 667
670 691
669 684
671 696
669 674
670 688
669 676
671 697
670 681
670 570
670 689
670 676
670 687
669 677
670 691
669 680
670 706
669 668
669 828
670 662
670 698
670 671
670 696
670 677
670 684
669 671
670 683
670 679
669 700
666 688
669 677
670 699
670 680
670 693
670 659
670 686
669 677
670 701
670 680
670 693
664 673
671 689
670 691
669 662
670 671
671 671
670 699
670 674
666 701
671 683
665 706
665 638
670 695
669 657
668 691
671 667
669 671
670 678
670 690
671 709
670 666
670 682
670 680
670 689
670 683
670 690
670 679
670 713
669 659
670 696
671 654
670 703
669 676
670 691
671 668
670 690
670 682
670 727
671 693
670 678
670 679
670 678
670 693
670 668
670 700
670 664
670 630
670 676
670 704
670 676
669 681
667 682
670 699
670 677
670 683
670 673
669 682
669 677
670 671
671 692
689 677
666 695
670 647
670 692
669 664
666 696
670 658
670 695
669 683
671 690
669 667
671 688
670 679
669 692
670 681
669 685
670 692
671 668
670 691
668 670
669 690
670 672
669 693
670 662
671 705
671 680
669 698
670 658
671 686
669 675
669 696
670 684
670 700
670 678
670 571
669 693
670 680
670 700
670 683
670 687
669 667
669 592
670 649
670 682
669 666
671 689
670 665
670 685
668 669
670 678
670 691
667 691
671 691
670 746
667 696
666 676
672 708
669 660
670 688
670 671
669 679
669 666
669 708
670 656
670 693
670 682
665 694
670 686
670 693
667 726
670 687
670 690
669 673
671 691
670 650
669 697
671 676
