670 663
670 676
670 663
670 700
669 665
670 703
669 672
669 722
669 661
670 690
671 668
670 685
665 691
671 691
670 682
669 678
670 695
669 676
670 698
670 655
671 702
669 658
669 850
670 667
670 695
671 681
669 695
671 675
670 687
670 678
669 679
670 678
670 680
670 573
671 681
671 689
669 676
670 698
671 688
670 696
664 662
669 695
670 663
670 691
671 672
669 692
670 657
670 696
670 681
669 683
670 675
670 669
670 690
669 727
667 679
670 670
671 685
669 672
669 688
669 663
672 685
670 681
669 684
671 667
671 689
669 681
670 688
670 667
667 668
670 698
670 662
669 696
670 662
670 713
670 668
670 700
669 674
669 706
670 671
669 734
669 669
669 695
670 675
670 665
666 689
668 683
670 685
670 653
670 699
671 666
669 704
669 663
668 699
670 670
670 686
670 668
670 801
669 688
671 701
669 658
670 684
670 687
670 688
670 691
669 676
668 688
670 673
670 656
669 674
670 735
671 665
670 695
669 659
670 701
670 669
669 689
670 668
671 685
670 683
670 682
669 682
669 683
669 692
670 674
670 665
670 667
670 700
671 688
669 695
669 689
670 691
670 674
669 697
669 676
670 702
668 679
670 679
670 668
671 679
670 691
670 667
670 703
666 669
671 688
668 669
670 689
671 666
670 701
669 675
669 699
669 669
671 696
669 618
671 691
671 677
669 698
670 684
670 665
669 685
668 689
669 703
670 671
670 690
670 675
670 696
670 808
670 701
670 682
671 703
670 637
669 698
670 665
667 692
670 684
670 675
670 682
670 665
670 681
671 677
670 694
670 677
668 710
670 820
670 690
668 669
671 685
671 668
675 692
665 700
659 695
670 679
669 807
669 680
671 695
669 693
669 684
668 690
669 669
670 700
670 670
681 699
669 667
667 700
665 651
670 693
669 681
669 694
670 675
669 688
669 697
669 684
670 681
669 679
670 687
666 714
669 687
670 661
671 691
671 663
667 703
670 658
666 692
671 669
670 690
669 693
670 694
671 698
669 667
670 689
669 670
669 643
670 669
669 688
670 673
670 704
669 670
670 665
669 658
670 689
670 772
670 690
669 666
670 705
669 685
670 695
670 680
670 693
670 673
670 678
669 694
670 675
669 688
670 674
666 702
