671 694
669 680
671 695
669 627
671 679
669 670
666 677
670 675
669 675
669 681
670 677
669 678
666 687
670 676
669 689
669 700
670 579
670 679
670 665
668 700
671 676
670 681
670 688
670 712
668 682
669 671
669 684
670 659
665 695
669 692
669 679
670 674
666 707
670 669
670 692
669 668
666 682
668 671
665 684
670 672
671 694
670 674
670 696
669 662
670 649
669 688
670 680
670 687
672 681
669 692
669 651
669 690
670 668
669 712
669 675
669 693
670 661
670 682
669 691
669 690
669 682
670 685
669 677
670 666
670 694
669 689
669 662
669 663
670 685
670 679
669 691
670 671
671 690
669 655
670 699
669 689
670 697
669 685
667 675
669 686
670 689
670 671
670 678
670 688
666 682
669 726
670 672
670 688
670 652
671 709
669 655
669 675
669 678
668 693
669 656
670 601
670 692
669 701
670 695
669 675
665 658
669 674
670 691
670 693
665 681
669 691
670 694
669 679
668 655
669 665
668 649
670 660
669 621
669 687
669 682
669 665
670 659
669 686
670 678
669 728
668 706
669 673
669 676
670 688
669 678
670 689
669 662
670 684
669 641
668 678
669 676
669 695
670 701
670 739
669 697
669 686
670 717
670 665
667 720
669 663
670 800
670 690
670 713
670 700
669 682
670 701
669 694
670 657
666 675
669 655
669 668
670 704
669 681
669 687
669 673
669 664
669 682
670 703
669 660
670 671
670 675
669 716
669 702
669 694
669 675
670 705
669 684
670 698
671 671
670 678
670 672
669 595
669 710
670 678
669 680
670 676
669 685
670 694
669 697
669 658
669 693
668 673
669 716
667 670
669 670
669 675
670 695
670 672
669 684
669 663
669 674
670 671
669 646
670 678
669 650
667 685
669 657
670 695
669 675
670 681
669 661
669 672
670 693
669 692
669 672
671 673
669 683
669 683
669 680
670 683
670 689
669 671
670 689
670 683
670 683
669 676
670 682
670 685
670 693
670 670
670 694
669 701
669 697
669 684
668 663
666 693
669 678
669 689
670 673
667 694
669 664
669 668
669 679
669 685
669 676
669 686
669 669
669 687
669 683
669 692
669 765
669 675
669 674
669 682
670 691
669 687
669 682
669 675
670 690
669 676
669 695
669 670
670 685
