669 683
669 681
670 679
670 677
669 670
669 685
666 673
669 678
669 659
669 689
667 676
669 696
670 654
669 677
672 680
670 696
670 683
669 676
666 686
669 674
669 690
669 681
669 684
669 642
669 698
669 670
669 690
669 690
669 691
670 674
669 680
670 694
669 682
669 661
668 681
669 685
669 692
669 684
669 689
669 681
669 680
670 684
669 677
670 685
669 682
670 692
669 678
669 690
669 668
669 700
669 651
669 687
669 683
669 688
670 684
670 674
669 659
669 692
669 700
669 657
669 635
670 673
669 699
669 675
669 682
670 668
668 691
670 685
670 686
669 676
667 707
669 693
671 675
670 691
669 688
670 700
669 669
669 700
669 678
670 711
669 654
669 686
670 679
670 630
670 678
669 697
669 670
668 701
669 694
670 675
670 677
666 667
669 694
670 700
669 684
668 676
669 700
670 684
670 679
670 574
669 682
670 667
670 666
669 670
669 692
670 666
670 658
667 676
670 659
670 683
670 670
669 666
670 635
669 700
670 677
669 701
669 663
669 691
669 651
669 684
671 659
666 688
670 659
669 676
670 669
669 686
670 681
669 655
670 693
667 665
670 696
667 681
671 695
666 672
669 684
669 672
671 691
666 588
670 688
669 675
671 704
669 673
669 693
669 702
671 685
668 687
669 667
668 688
670 647
666 680
670 668
667 694
670 669
670 700
669 658
669 701
670 678
669 699
669 662
669 688
670 668
669 675
669 680
669 667
670 686
669 674
669 675
669 679
670 688
670 681
670 716
668 664
670 712
669 700
669 725
669 665
669 682
669 684
669 673
668 672
669 692
669 679
669 667
669 702
669 670
669 658
670 690
667 685
669 671
669 689
670 692
668 681
669 678
669 693
670 685
669 685
670 677
669 706
670 658
666 681
670 677
669 683
670 678
669 683
669 692
669 650
670 694
668 677
669 697
665 662
670 685
668 689
669 683
669 681
671 670
669 682
669 672
669 685
669 670
669 696
670 683
669 700
666 681
669 697
670 670
669 687
669 662
669 681
669 683
669 674
665 676
669 684
671 683
669 678
670 689
669 675
671 684
669 674
668 698
669 654
669 698
669 661
669 687
669 670
670 693
669 666
669 702
669 694
670 688
669 657
667 693
669 686
670 668
