6685 1023
666 0
674 1023
675 1015
674 1023
669 1023
668 0
668 0
674 1023
673 0
674 178
674 790
675 1014
661 0
675 0
664 0
671 1023
674 1023
665 717
675 1023
675 1023
674 0
675 1023
669 0
666 0
674 1023
675 1023
669 1005
666 0
674 1023
676 50
675 1023
675 1023
675 694
674 1023
666 0
668 0
674 1023
675 1023
668 297
675 1023
675 1023
668 0
667 0
665 0
668 0
678 1023
674 1023
679 406
669 169
668 0
665 0
673 653
665 0
664 0
674 1023
669 0
669 0
664 0
675 1023
673 0
669 0
673 402
668 1023
665 0
667 205
666 588
669 1023
679 0
666 748
675 0
665 1023
674 1023
692 0
676 0
676 0
674 0
675 0
690 0
672 0
666 1023
698 1023
674 498
665 1023
675 1023
675 1023
664 173
695 0
666 0
651 0
666 301
664 0
674 1023
689 1023
666 0
666 1005
668 0
679 1023
680 0
671 0
662 1023
663 1023
660 0
667 1023
675 1023
676 0
683 1023
669 1023
675 0
665 1023
658 1023
676 0
675 0
675 0
675 1023
675 0
665 1023
675 0
674 972
665 1023
676 0
675 1023
675 1023
665 1023
666 0
669 0
674 0
675 0
674 258
680 0
659 1023
666 0
665 1023
675 1023
666 0
680 0
674 0
674 722
675 0
665 0
666 173
666 1023
676 0
674 566
669 0
666 1023
675 1023
669 0
669 1023
674 1023
667 0
674 1023
666 0
666 0
675 183
675 0
675 1023
674 1023
674 311
694 0
673 0
665 0
669 1023
675 0
666 1023
669 0
674 0
666 397
675 0
667 1023
664 1023
673 1023
675 0
674 1014
681 1023
677 0
669 1023
673 183
665 1023
674 1014
669 0
677 0
674 0
666 1023
666 1023
673 0
664 1023
666 301
682 1023
666 0
686 1023
666 748
675 0
666 0
667 0
677 0
666 0
674 918
677 0
675 1023
679 0
666 748
668 1023
666 589
675 0
675 0
666 844
665 0
677 0
680 0
668 0
655 0
692 0
664 1023
668 0
666 0
676 0
666 780
676 0
678 0
666 0
665 1023
666 1023
690 0
675 818
674 1023
669 0
676 0
675 690
678 0
675 1023
665 172
666 1023
675 770
661 1023
675 0
675 0
671 0
675 0
666 1023
674 1023
677 0
666 0
655 0
674 1023
666 1023
680 0
674 1023
665 0
667 1023
667 1023
664 1023
666 0
690 1023
664 0
671 1023
