
670 659
670 706
669 653
670 625
670 663
670 821
670 674
665 683
670 675
669 688
668 687
669 664
669 683
670 669
671 692
668 671
670 691
670 682
669 702
669 669
670 704
669 681
670 690
669 677
668 653
669 684
669 685
670 654
665 682
665 689
670 673
671 691
670 680
669 692
670 681
668 688
669 668
671 707
669 657
670 707
670 656
669 697
670 675
669 680
670 681
669 708
665 687
669 571
670 692
670 682
670 688
671 673
670 697
670 661
669 682
670 682
670 686
669 664
670 699
671 660
669 693
670 689
670 689
669 672
670 685
670 683
670 676
670 707
669 720
670 693
670 709
670 674
669 697
666 693
669 820
670 704
667 569
670 699
669 824
669 680
667 659
669 679
670 555
669 685
667 593
669 677
669 667
669 673
669 738
673 682
670 685
669 678
667 680
670 692
669 789
669 677
670 688
669 677
670 684
671 692
670 619
669 679
667 674
670 696
669 678
670 713
666 663
671 686
669 670
670 654
669 661
669 691
670 688
670 692
667 673
670 683
670 687
671 688
670 685
670 659
670 698
669 674
671 688
670 661
670 708
670 671
671 688
670 697
667 701
670 717
671 688
670 563
670 683
670 667
669 688
670 681
669 672
670 678
670 676
670 707
665 671
670 691
669 664
669 687
670 662
670 682
666 666
669 711
670 681
671 691
670 687
669 700
670 774
670 680
669 675
666 685
670 695
670 683
669 681
671 676
670 677
670 688
670 700
671 668
670 698
669 664
670 695
670 665
670 692
669 681
670 699
670 688
670 685
668 687
670 679
670 687
669 657
670 706
670 674
670 690
671 640
670 691
669 664
670 706
667 670
671 670
670 666
670 620
668 687
670 655
669 690
669 576
666 677
669 678
670 700
670 670
670 695
669 675
669 692
669 675
670 706
670 671
670 692
671 678
670 697
670 687
670 708
671 677
670 682
670 697
669 682
669 692
670 660
670 693
670 679
670 713
670 659
670 697
669 683
670 695
669 684
669 680
670 666
670 686
669 692
670 691
670 682
670 676
669 690
672 677
671 707
670 682
669 690
670 680
670 690
669 674
671 701
671 663
669 694
669 669
669 683
670 684
669 688
667 685
669 680
669 703
670 674
669 696
670 655
669 689
669 661
670 707
670 660
670 684
668 671
670 696
670 675
666 688
