670 668
670 692
670 671
670 700
669 699
670 660
670 680
669 675
669 694
670 668
670 701
669 673
670 708
669 669
669 694
669 778
670 773
670 679
669 693
670 613
671 692
670 690
669 680
670 693
670 572
670 698
667 673
670 705
670 650
670 723
670 675
669 707
670 667
670 694
669 672
670 682
670 674
670 678
670 680
670 685
670 681
669 678
670 710
670 675
669 703
671 672
670 698
670 592
670 683
670 668
670 685
669 657
670 679
670 672
670 689
669 683
669 695
671 685
670 684
669 697
671 709
669 714
670 663
665 705
669 681
669 703
670 674
665 682
668 661
670 691
671 678
670 694
669 677
670 709
669 692
669 678
669 686
670 672
670 689
671 657
670 688
669 681
670 705
668 656
669 693
669 665
670 698
670 660
669 701
670 671
669 697
670 671
669 687
669 680
669 681
670 695
670 690
666 686
670 690
669 722
670 669
671 660
669 652
670 687
669 682
670 706
669 678
670 683
670 679
670 688
670 676
670 678
669 680
670 679
669 713
669 683
670 689
669 674
670 688
670 662
670 692
670 678
670 704
669 676
669 693
670 664
670 652
669 696
665 680
670 681
669 690
669 686
669 685
670 690
670 658
668 704
670 663
670 588
669 674
670 705
669 674
669 699
670 653
667 703
670 660
669 680
669 664
671 693
670 684
669 675
670 678
670 659
670 695
670 648
671 696
669 679
670 697
665 671
670 695
670 677
670 706
669 671
670 684
670 679
669 690
669 677
669 687
671 682
669 677
665 694
671 661
670 694
668 675
667 706
670 667
670 703
669 685
669 687
669 667
670 682
670 693
669 696
669 676
669 679
671 684
669 679
670 706
669 688
670 686
671 666
669 688
670 677
669 701
669 682
669 692
671 672
671 698
669 662
669 689
669 675
671 679
670 658
670 683
670 681
669 674
670 698
669 671
666 692
670 694
669 695
670 668
670 688
669 670
670 686
670 803
670 690
670 680
669 683
670 695
669 678
670 685
669 671
670 684
670 668
670 699
670 691
671 702
670 671
669 703
671 665
671 692
670 672
669 697
667 664
671 694
670 685
669 691
669 690
670 675
669 699
669 683
670 698
669 662
665 690
670 665
670 691
670 659
666 693
670 689
670 695
669 665
