669 695
670 682
670 696
671 661
668 689
669 659
669 687
670 679
668 685
670 677
669 671
671 687
670 678
670 699
669 613
670 690
671 668
670 686
670 680
671 671
670 676
670 679
670 672
670 697
669 688
670 682
670 677
670 673
669 691
670 671
669 695
670 677
670 690
670 658
665 690
666 667
670 693
670 679
669 686
669 661
666 681
669 678
671 688
670 688
670 671
669 684
670 808
670 700
670 674
669 713
669 677
670 706
671 683
669 702
667 671
670 698
669 672
669 691
670 677
669 702
669 678
666 682
670 684
670 679
670 695
669 653
670 687
670 689
670 686
669 669
670 703
670 638
671 698
670 667
669 691
669 668
669 682
670 658
670 690
669 682
669 676
670 730
669 671
669 701
672 672
670 701
669 754
671 686
670 680
670 695
670 672
665 690
670 668
670 674
670 661
670 687
669 681
665 678
669 683
670 684
670 682
670 658
670 715
670 672
669 674
669 665
668 708
669 667
670 687
666 694
670 679
670 674
669 684
668 681
670 707
670 672
670 673
670 570
670 670
670 700
669 656
671 686
670 667
670 698
669 683
669 699
669 671
673 689
669 670
670 687
670 662
669 689
669 690
670 683
670 683
669 685
670 692
670 666
670 673
669 666
670 697
670 660
670 694
670 668
667 696
670 674
670 702
669 687
669 661
670 685
669 694
671 714
670 680
669 685
670 670
670 690
670 676
670 696
668 673
669 702
669 661
670 685
669 671
670 707
669 657
670 687
668 689
670 691
670 677
670 676
666 681
669 673
670 692
669 667
670 687
671 662
669 710
669 686
670 713
671 663
669 697
669 681
669 688
670 675
670 687
664 675
670 702
666 678
669 673
670 686
668 680
669 682
669 667
669 691
669 673
669 736
670 684
670 690
670 661
669 698
671 715
670 698
669 665
670 688
669 673
669 688
670 686
669 658
670 691
670 664
669 701
670 659
670 697
670 607
669 698
666 672
669 705
670 662
669 634
670 666
670 667
670 672
669 683
669 698
669 677
669 692
669 675
670 687
669 766
670 693
665 666
670 693
669 651
665 685
666 667
669 684
669 687
671 688
670 671
670 685
669 682
670 649
670 698
670 664
666 687
670 644
670 667
670 685
670 708
687 635
670 693
670 664
671 706
671 657
670 685
668 680
670 696
