
670 678
668 709
669 655
669 689
670 618
670 735
669 661
666 717
669 619
666 681
669 685
670 652
671 650
669 663
670 676
670 705
668 672
669 705
670 743
669 643
670 687
669 666
671 687
670 755
667 655
669 667
668 729
669 597
669 702
667 709
671 700
670 708
670 683
669 673
669 666
666 643
669 673
670 703
669 651
670 719
669 665
667 703
670 679
669 684
670 625
669 634
670 691
670 703
671 727
670 707
670 710
670 746
667 672
670 803
670 695
669 634
671 711
669 790
672 697
669 641
670 657
669 635
669 754
666 708
670 688
670 747
670 685
667 658
669 659
670 652
670 695
669 714
670 690
670 654
669 659
670 705
670 649
669 727
669 707
669 717
666 677
670 680
670 685
670 672
669 623
670 685
670 642
670 638
671 668
669 674
670 544
670 686
671 665
670 687
670 735
669 627
669 700
670 657
670 654
670 690
670 641
669 735
670 718
665 666
669 746
671 683
669 722
670 689
670 699
669 699
670 707
671 691
669 659
669 711
670 654
669 708
669 649
661 709
668 670
669 701
665 666
670 760
668 678
670 674
670 685
670 677
668 724
670 659
669 719
669 638
669 658
670 682
671 722
669 666
670 530
669 684
670 617
670 533
670 623
670 815
669 641
669 493
669 706
667 480
693 37
669 322
710 0
650 1023
671 0
704 0
703 0
651 1023
703 0
670 923
686 1023
650 1023
703 0
671 0
706 0
645 357
645 1023
707 0
703 0
703 1023
652 1023
672 0
657 0
704 0
670 1023
650 492
671 0
650 1023
650 300
650 1023
704 0
651 1023
703 0
674 1023
670 602
669 859
703 0
657 493
651 1023
649 1023
645 1023
656 730
702 0
703 0
705 0
695 66
673 0
667 250
649 1023
703 0
651 1023
652 1023
702 0
704 0
651 1023
660 1023
650 466
651 530
701 0
666 1023
670 0
673 514
651 1023
669 1023
669 0
669 1023
645 690
680 429
649 1023
649 466
666 0
651 1023
651 1023
669 1023
670 0
669 1023
659 1023
669 0
650 478
704 0
669 1023
669 0
647 1023
670 1023
669 0
681 242
669 1023
703 0
703 0
651 1023
651 1023
648 530
666 130
703 0
704 0
669 0
648 658
650 1023
706 0
673 1023
707 0
698 557
650 1023
706 0
665 1023
704 0
704 0
649 794
682 322
671 0
669 1023
670 0
649 1023
669 700
