0702 0
704 0
650 1023
703 0
651 1023
702 0
652 219
704 0
671 0
664 1023
703 0
671 0
651 1023
702 710
650 1023
651 1023
704 0
671 0
701 806
697 966
651 1023
701 838
650 1023
703 0
651 979
703 0
704 0
650 1023
702 1014
651 827
674 91
704 8
703 0
656 59
703 0
651 755
650 283
650 1023
651 1023
704 1023
703 300
652 1023
703 0
654 1023
647 1023
702 0
702 0
651 1023
703 0
701 0
668 1023
702 0
672 1023
704 0
651 1023
703 0
650 1023
699 0
651 1023
651 1023
662 275
704 0
650 1023
650 1023
674 1023
704 0
699 0
648 1023
684 1023
650 1023
702 0
652 1023
676 1023
683 1023
646 1023
701 0
651 0
702 383
702 0
639 0
706 774
703 0
651 443
654 315
701 0
696 0
701 0
702 550
651 1023
701 0
701 0
703 270
651 1023
650 1023
659 0
650 1023
701 0
650 691
702 0
702 0
671 0
651 947
702 0
701 0
651 1023
702 742
703 0
669 0
651 947
650 1023
706 678
651 1023
703 0
702 0
702 0
703 140
702 0
698 582
651 1023
651 1023
651 1023
662 1023
659 0
672 0
645 1023
704 0
651 1023
701 0
674 1023
643 0
650 1023
704 0
671 0
651 1023
656 1023
700 742
650 1023
702 0
703 0
702 0
701 638
668 1023
653 299
703 0
702 0
673 0
702 0
705 0
652 1023
688 1023
669 1014
701 0
702 614
650 1023
670 1023
651 1023
672 0
703 0
651 1023
647 1023
704 262
698 0
663 0
651 1023
651 1023
670 0
655 1023
651 1023
702 0
643 1023
702 0
649 1023
645 1023
676 1023
702 0
665 0
702 0
703 0
654 9
704 0
704 14
707 758
670 1023
703 0
704 0
703 0
660 1023
704 0
702 0
650 627
649 1023
705 0
666 0
704 0
708 0
650 1023
650 1023
704 0
704 0
699 0
675 0
703 0
646 1023
686 0
704 0
651 899
708 710
703 0
650 1023
651 1023
704 0
648 1023
651 1023
650 1023
651 115
650 1023
699 0
651 827
649 1023
677 1023
704 0
705 0
706 111
704 0
703 0
667 1023
703 0
651 1023
650 1023
703 0
670 1023
704 0
705 0
705 0
702 1023
708 1023
650 0
649 1023
679 0
704 0
670 1023
706 236
650 1023
647 1023
700 0
649 1023
670 1023
704 0
646 0
703 494
671 0
705 0
704 0
704 0
650 1023
649 691