701 0
701 0
699 0
650 684
687 1023
701 610
697 0
651 1023
701 914
700 0
702 146
701 0
701 402
700 0
650 588
668 0
701 0
650 333
650 940
655 0
701 0
635 1023
650 1023
701 0
700 0
701 914
701 0
671 1023
677 1023
651 1023
648 0
696 0
641 1023
663 1023
650 996
701 0
650 12
697 803
701 786
651 173
700 0
700 0
638 1023
701 0
650 972
675 1023
701 0
670 1023
696 1023
699 0
702 994
706 0
698 0
697 1023
650 0
677 1023
701 290
661 0
664 0
701 178
699 0
701 0
682 1023
702 1023
650 748
702 0
650 588
676 1023
648 29
688 1023
652 0
701 0
651 1023
635 1023
701 0
697 0
698 1023
701 0
650 172
671 1023
649 1023
677 1023
700 0
697 130
701 1023
647 77
700 0
700 0
650 844
701 0
701 1014
651 45
703 1023
650 0
701 0
700 0
669 0
701 818
660 0
701 594
673 0
651 1023
701 130
648 0
670 1023
671 1023
701 1023
701 0
701 0
650 620
702 0
663 1023
700 34
667 0
662 1023
670 1023
700 0
701 914
651 381
663 0
701 0
651 877
658 0
664 0
672 1023
699 0
700 0
701 0
701 0
652 1023
650 684
651 381
700 0
649 0
634 1023
698 1023
670 0
700 0
700 0
670 1023
701 0
649 1023
700 0
696 99
700 118
700 0
656 1023
650 1023
701 1023
649 204
668 0
669 0
702 0
669 0
642 1023
701 0
650 0
700 0
701 0
648 0
650 157
680 1023
650 684
668 0
701 0
700 0
678 1023
645 1023
650 1023
701 0
701 1023
667 1023
701 434
701 0
700 0
665 0
701 0
668 1023
702 1023
669 0
700 0
679 0
657 0
670 1023
701 1023
701 1023
699 310
652 0
672 1023
664 1023
652 0
651 0
649 460
650 0
701 674
671 1023
657 0
650 1023
650 1023
701 0
700 130
700 0
700 0
701 1023
702 0
669 0
651 1023
672 1023
669 0
701 1023
695 1023
701 386
707 0
642 1023
651 1023
647 300
650 1023
670 0
701 882
701 695
700 0
650 236
701 1023
701 1023
701 0
701 0
700 946
700 19
651 1023
700 0
701 0
701 1023
657 1023
662 1023
699 1023
697 1023
700 0
651 1023
650 1023
674 0
701 0
701 1023
701 0
650 588
650 1023
701 0
687 1023
701 0
701 0
700 0
701 0
649 0
650 621
660 1023
690 1023
660 0
701 0
668 0
700 0
695 1023
699 0
651 1023
650 716
651 1023
701 1023
699 1023
