670 670
670 810
668 681
671 697
670 668
670 690
669 669
667 682
669 679
670 669
670 682
669 667
670 702
669 652
670 699
670 666
671 692
670 666
669 696
671 672
670 693
670 677
669 688
670 681
670 695
670 687
670 681
670 685
669 673
668 679
670 667
670 681
669 664
670 696
669 647
670 699
665 674
669 699
671 670
668 563
666 679
670 693
670 675
669 685
670 683
670 671
669 690
669 705
668 678
669 685
670 695
670 688
670 698
670 688
669 701
669 666
670 691
670 684
670 669
668 681
670 689
670 694
669 678
668 687
665 684
670 692
670 667
665 697
671 668
670 688
670 661
668 721
671 678
670 697
670 673
669 687
670 667
670 679
669 583
670 680
664 702
670 663
671 685
670 679
670 684
670 678
666 690
669 697
670 722
670 668
670 691
670 673
670 684
670 680
671 819
670 682
669 674
670 674
671 676
670 694
669 680
670 712
669 660
670 698
669 662
671 684
670 673
670 708
669 661
669 712
670 677
669 680
671 666
670 686
669 672
670 682
671 689
669 725
669 685
669 676
670 705
670 661
670 707
669 669
669 567
669 687
670 703
671 674
671 699
670 678
668 691
670 677
669 692
669 675
671 658
669 695
670 675
670 681
666 681
670 683
670 678
669 712
669 659
669 690
669 679
670 692
670 674
670 640
670 685
670 679
670 676
669 676
670 695
669 674
669 674
670 679
669 703
669 669
670 700
670 666
669 700
670 667
669 694
669 671
670 686
671 681
670 684
670 671
669 673
670 669
670 621
669 681
671 671
670 686
669 658
669 699
669 672
669 714
669 669
667 721
669 670
670 691
670 674
667 667
671 660
668 671
669 675
670 667
666 678
670 662
670 681
670 634
668 705
670 684
670 692
669 667
670 699
670 667
669 733
670 673
670 679
669 683
670 673
669 680
669 681
670 572
669 669
669 684
669 662
670 677
670 680
670 696
670 676
666 696
670 681
669 692
670 664
669 693
670 674
671 689
670 689
670 684
670 668
670 674
670 683
670 676
670 691
670 634
670 689
670 652
670 688
669 655
670 678
670 667
670 692
669 668
670 687
670 676
669 682
669 688
669 659
669 693
665 677
670 690
670 680
670 687
665 684
670 713
670 679
669 695
667 670
670 686
670 689
