670 662
669 695
671 669
671 690
669 676
670 689
669 675
669 713
670 661
670 683
670 659
671 694
670 688
670 704
670 699
670 700
667 687
671 692
669 698
670 684
669 669
665 669
670 697
670 676
670 696
669 642
670 692
670 669
670 700
667 659
669 704
670 677
665 687
670 661
669 700
666 683
671 687
669 687
669 694
669 667
669 683
670 678
668 673
670 705
670 668
670 696
668 660
669 700
669 694
671 690
669 671
670 691
669 686
668 677
671 671
670 671
669 678
669 681
670 701
670 682
669 698
669 678
671 700
670 667
667 727
670 672
669 668
669 629
669 692
671 653
670 693
670 715
669 676
671 670
670 675
670 694
669 671
671 699
669 659
667 689
670 676
670 689
669 667
671 704
670 672
670 681
670 676
670 699
670 685
670 669
666 661
669 683
670 663
669 671
670 662
670 671
670 796
669 674
671 707
670 664
669 683
671 667
671 713
670 659
669 834
670 688
670 698
670 710
670 715
669 672
670 674
670 690
670 757
670 678
669 684
670 719
669 679
669 675
670 678
670 688
671 554
671 681
669 669
668 679
669 703
670 696
669 709
669 676
669 687
669 678
670 688
668 663
670 688
670 651
669 693
670 682
670 695
670 682
671 707
670 673
670 694
670 648
671 695
670 686
670 649
670 705
670 679
670 671
669 674
669 689
670 675
670 713
665 670
670 710
671 738
670 697
667 666
670 702
669 690
670 690
671 678
670 683
670 702
670 676
670 701
670 681
669 694
671 671
669 685
669 688
668 680
670 661
670 688
669 684
669 690
671 653
669 704
670 663
667 679
670 676
670 684
669 679
670 662
669 694
670 665
668 683
670 661
670 672
666 676
670 686
670 698
670 705
668 659
669 697
669 649
670 685
670 662
670 680
670 681
670 678
670 689
670 678
670 684
670 654
670 716
670 647
669 700
671 675
670 689
669 681
665 693
671 661
670 687
669 674
668 660
669 666
670 707
667 680
669 688
670 709
669 669
666 699
669 678
669 698
669 635
669 707
670 661
670 695
670 550
671 702
669 671
670 695
670 609
671 686
669 686
671 670
668 698
671 678
669 680
670 670
670 694
669 675
670 716
670 656
670 662
669 665
669 697
670 684
670 690
669 663
670 684
670 685
670 676
