671 650
670 679
670 676
671 767
670 669
670 695
669 688
666 700
670 659
670 681
671 667
670 666
669 682
670 676
670 693
671 678
670 687
670 662
669 564
670 676
670 700
670 659
671 702
670 673
670 686
670 672
669 692
671 681
670 681
670 680
671 677
670 699
669 679
671 674
670 676
668 695
670 670
670 703
670 630
666 691
669 676
671 703
670 680
670 688
670 650
670 688
667 673
669 690
669 691
669 684
668 685
671 666
670 671
670 688
669 704
669 677
670 695
669 676
671 681
671 668
670 692
669 678
670 691
670 664
670 673
670 686
670 683
667 682
670 667
670 695
670 659
670 697
669 662
669 696
669 673
670 826
669 671
671 703
670 675
670 698
670 663
670 685
670 826
670 666
667 693
669 683
670 691
666 682
670 687
670 662
670 705
670 649
667 704
671 678
671 689
669 677
669 691
669 682
670 692
670 680
669 676
670 680
670 676
670 668
671 673
670 709
669 665
671 697
670 663
670 709
670 666
670 688
670 674
670 689
670 662
670 693
669 682
670 663
668 682
670 706
669 684
671 669
671 691
670 661
670 694
668 659
670 701
670 652
670 687
670 669
670 708
670 667
670 706
669 683
670 690
666 667
671 696
669 673
670 680
670 683
670 668
670 694
670 667
669 696
670 664
670 700
670 671
667 701
670 665
669 690
669 663
671 690
669 673
670 680
666 688
670 669
669 679
664 764
669 683
670 671
670 727
669 663
671 702
670 664
670 694
670 672
670 711
669 670
669 688
669 665
671 571
670 696
669 690
669 672
670 683
669 694
667 677
670 708
670 662
669 700
669 671
669 711
669 641
670 690
668 712
665 700
670 670
667 690
669 677
670 673
669 651
669 671
670 697
670 688
669 696
666 667
669 696
669 673
669 696
670 672
669 697
671 668
670 689
670 675
669 674
669 672
671 688
670 678
670 676
670 668
670 682
670 697
670 723
669 703
669 679
669 705
669 643
665 701
670 682
670 699
670 686
670 689
670 680
670 686
666 685
671 703
670 682
669 719
670 682
670 681
670 702
670 666
670 703
669 679
670 692
669 682
671 708
670 687
670 687
670 674
671 697
670 651
670 687
669 684
670 673
670 666
669 682
671 831
670 664
670 687
670 672
670 688
670 661
670 693
