670 675
669 690
670 658
670 701
665 658
669 689
669 669
670 705
670 800
670 704
670 683
669 694
666 688
670 684
670 673
670 673
671 696
670 661
669 590
670 669
668 701
670 671
670 698
664 690
670 571
670 690
669 687
670 682
669 693
669 663
670 666
670 686
670 683
669 687
671 671
669 695
669 678
669 688
671 665
670 701
670 680
670 683
670 664
671 666
669 692
669 688
670 679
671 674
670 684
670 676
670 697
670 665
669 695
670 661
670 696
670 675
670 692
666 687
670 687
669 644
667 695
671 684
670 691
670 678
670 704
670 666
670 678
669 682
670 679
671 698
669 669
670 676
668 683
670 694
670 673
666 703
666 670
670 693
670 677
670 738
669 684
670 681
670 678
670 677
670 685
670 689
670 688
671 690
670 694
670 710
670 713
669 584
670 704
670 676
670 709
670 672
670 691
665 677
667 682
670 682
670 685
669 677
670 692
669 690
669 689
670 702
671 681
670 698
669 676
671 703
670 668
670 683
669 676
671 676
670 685
669 695
670 677
670 688
670 688
669 683
670 668
670 665
670 690
670 671
671 677
670 669
670 689
670 676
670 703
670 674
669 690
670 655
671 702
670 672
669 678
670 676
670 679
669 674
671 676
670 694
670 674
670 685
667 650
670 698
667 678
670 688
669 665
670 677
670 673
667 707
669 665
670 652
670 698
669 684
670 683
670 686
670 693
670 682
670 705
670 685
670 689
671 663
670 687
661 676
669 698
670 690
670 711
665 658
670 685
669 671
670 700
669 665
671 680
670 681
669 684
670 693
669 669
670 751
671 670
670 682
670 657
670 684
670 762
670 685
670 662
669 689
665 671
671 681
670 660
670 700
670 679
668 685
669 680
670 667
670 682
671 679
665 685
666 680
670 582
671 663
670 695
668 669
670 709
670 680
670 680
669 675
670 717
670 668
671 694
670 681
670 673
670 694
669 675
670 680
670 668
670 695
670 672
669 697
670 677
668 685
670 676
670 710
670 665
670 692
671 666
670 689
670 697
670 686
669 687
670 662
669 695
669 667
669 695
670 666
670 699
671 667
669 696
667 650
670 689
670 675
667 662
669 680
670 693
670 678
670 682
670 682
670 673
669 700
670 680
670 683
671 665
670 707
671 639
670 686
670 674
