670 703
670 688
669 684
669 671
670 690
670 661
670 706
668 660
670 707
670 682
666 699
670 656
670 698
669 677
670 690
670 654
670 685
670 681
669 686
670 688
670 692
668 689
668 687
670 691
669 666
670 735
671 667
670 692
670 679
671 711
670 693
670 690
669 680
666 696
670 672
670 694
670 697
666 682
670 670
669 672
666 712
670 676
670 707
669 663
669 691
670 676
670 689
670 667
670 701
671 675
669 694
669 676
670 683
670 682
670 660
669 664
670 669
669 677
669 669
671 692
670 668
669 719
670 668
670 670
670 671
670 661
670 673
670 694
669 733
669 679
667 676
670 687
670 670
670 672
670 688
670 682
671 694
671 673
670 691
669 658
670 698
670 665
669 693
671 678
670 697
669 664
668 688
670 698
670 701
670 685
671 670
668 699
669 679
670 685
669 683
671 695
670 681
670 695
670 664
670 711
670 681
670 701
668 670
670 691
669 673
671 690
670 673
670 682
668 729
671 685
670 686
669 682
670 674
670 664
670 697
670 668
671 703
670 775
670 679
670 674
670 702
669 685
669 677
669 684
670 679
669 696
670 667
669 696
670 681
670 700
670 669
670 706
670 654
670 689
670 669
671 696
670 657
670 697
669 658
670 686
670 677
669 687
669 678
671 695
669 695
670 666
670 708
670 669
669 698
670 657
671 700
670 657
670 695
669 653
670 697
671 673
670 691
671 673
671 686
670 672
670 690
670 689
670 678
670 687
670 673
670 697
669 672
671 679
670 648
669 686
670 679
670 678
670 667
670 679
685 669
670 673
670 686
670 686
669 687
670 672
669 687
670 660
670 690
668 664
670 698
670 669
669 695
669 658
670 715
669 681
667 685
670 682
671 688
670 679
666 680
671 680
670 680
670 675
672 661
670 687
670 680
669 688
665 663
670 713
669 659
670 689
671 653
670 674
670 562
666 695
670 681
670 684
669 663
670 818
669 677
669 685
671 683
670 665
670 652
670 665
666 665
670 685
670 695
670 813
670 699
670 665
670 694
669 656
669 720
670 678
670 692
665 679
670 679
670 688
669 680
670 691
670 679
670 687
670 663
671 691
670 667
669 691
670 649
670 701
671 669
667 697
669 662
670 700
670 668
669 676
670 679
670 665
670 684
670 676
670 676
672 672
670 702
670 666
671 691
669 674
