671 690
669 693
669 702
669 687
667 698
669 677
669 691
670 650
669 690
669 675
669 686
670 685
668 678
670 689
669 679
669 685
669 685
671 701
670 659
669 681
669 663
670 694
669 661
670 705
669 688
666 693
670 686
670 685
670 688
670 684
670 680
670 680
670 682
663 679
666 662
671 664
670 694
670 663
670 697
666 684
669 691
667 677
670 672
670 672
670 692
669 674
671 706
669 688
671 691
669 672
666 687
669 684
670 673
669 699
667 671
669 680
670 665
670 685
670 675
669 698
671 665
669 686
669 672
670 701
670 824
670 657
670 690
670 677
670 678
669 667
669 677
670 663
669 700
670 675
669 692
671 672
670 689
671 700
669 684
670 680
669 712
669 687
669 692
668 673
670 673
669 680
669 683
666 679
669 648
670 686
670 664
670 667
669 683
670 685
670 656
670 713
670 670
669 725
668 667
669 678
670 688
670 690
670 679
669 670
669 684
669 684
670 685
669 692
669 687
669 679
670 722
669 663
671 698
670 637
667 694
669 660
665 668
670 688
669 676
669 688
670 682
670 687
670 675
670 693
669 672
670 696
669 665
670 667
669 674
670 707
669 648
670 690
669 672
670 677
669 672
671 703
669 669
670 664
669 696
670 649
669 693
669 684
670 816
667 669
670 684
670 666
669 688
669 680
669 691
671 668
670 666
667 658
669 697
671 678
669 705
669 677
670 679
670 709
670 665
670 687
670 666
669 695
669 658
666 710
670 666
669 693
670 675
669 692
671 647
669 692
670 663
669 695
670 677
669 672
670 692
669 681
665 697
669 673
670 696
670 662
668 693
669 668
669 705
670 665
669 682
670 685
669 706
670 679
669 675
670 678
669 698
669 687
669 706
670 682
669 666
671 691
670 643
669 688
669 671
665 699
669 651
671 701
670 677
669 694
670 657
666 692
669 671
669 694
669 678
669 679
669 671
669 671
670 685
670 676
670 673
670 653
669 674
669 676
669 699
669 664
669 696
669 670
669 690
669 667
669 688
669 671
667 681
670 674
669 716
670 676
667 667
669 705
666 673
670 678
666 829
665 695
670 665
670 704
669 667
669 694
669 680
671 682
669 668
669 675
670 686
671 687
669 715
670 678
669 683
669 679
669 702
670 672
669 684
