667 670
666 672
665 680
669 693
668 696
670 705
666 698
669 671
670 706
670 676
673 677
670 684
666 683
669 680
665 710
669 749
669 692
669 672
670 696
670 679
670 698
670 690
668 676
670 688
669 661
670 666
669 663
671 695
670 664
670 692
670 687
669 687
669 672
665 683
669 672
671 685
669 689
669 725
669 679
666 669
669 685
669 674
670 691
668 649
669 688
668 683
669 691
669 671
670 685
669 677
669 675
669 667
670 687
669 679
669 670
669 679
670 681
669 693
670 703
669 683
670 686
669 706
669 682
669 682
670 678
669 686
668 673
670 699
670 653
669 685
670 675
669 687
671 680
669 673
670 664
669 675
670 689
669 677
670 688
669 647
667 707
669 682
664 679
670 664
665 690
669 663
669 691
670 674
669 690
670 680
669 691
670 577
669 672
670 686
668 674
669 688
669 685
670 694
669 656
669 704
669 646
669 794
669 660
669 691
669 672
670 688
669 662
670 684
670 682
669 693
669 667
670 684
669 692
669 680
669 680
670 668
669 673
670 647
669 707
670 693
670 661
670 682
670 685
668 667
670 673
671 673
669 690
669 670
670 686
669 713
670 671
669 690
670 609
669 693
668 688
670 683
669 685
669 688
670 666
669 705
669 665
670 687
670 600
669 691
683 673
669 685
670 687
669 674
668 688
669 678
666 681
669 667
665 596
670 669
669 704
670 661
667 707
669 657
669 682
670 670
668 675
669 689
670 674
670 672
669 694
669 684
667 697
671 687
669 658
669 731
670 686
669 692
666 616
670 701
670 698
671 701
669 672
669 688
669 696
669 694
669 681
671 681
670 711
670 694
669 676
671 649
669 695
668 684
669 699
665 670
669 684
669 677
670 702
669 680
670 696
669 689
670 690
669 677
670 674
669 684
671 646
671 683
669 661
669 681
669 689
669 697
670 679
667 693
669 673
669 668
670 681
669 688
666 684
669 691
670 671
670 683
666 694
669 669
669 701
669 673
670 689
670 676
668 724
669 680
669 694
669 675
669 683
670 671
666 675
670 664
665 704
670 673
667 693
669 675
671 679
670 685
670 670
670 694
669 686
670 683
669 686
670 692
669 821
669 707
669 672
669 695
669 671
670 700
669 668
666 689
669 679
670 676
669 692
668 679
670 688
