670 689
665 703
670 697
670 680
667 677
666 663
669 687
664 679
672 693
670 665
669 692
669 678
671 665
670 682
669 687
669 691
670 664
669 688
669 671
670 698
671 675
670 713
668 563
671 695
670 668
669 681
670 676
670 675
670 684
670 689
670 683
670 680
669 670
671 679
670 699
670 663
670 681
670 666
670 692
671 665
669 700
671 655
670 690
667 676
671 694
670 664
670 696
669 695
670 667
670 691
670 680
670 692
669 669
669 687
671 639
669 688
669 659
669 694
670 668
670 697
670 691
670 699
669 672
669 680
669 677
668 672
671 688
669 681
670 678
669 678
669 692
670 681
671 684
670 673
670 690
671 639
670 698
669 679
669 702
670 693
670 700
670 676
670 670
670 664
670 680
669 675
670 673
670 681
669 678
666 683
669 683
670 694
669 652
669 684
669 671
670 696
669 674
670 692
670 674
669 687
671 665
670 685
669 681
670 689
670 683
670 679
670 736
665 688
669 669
670 675
670 713
669 666
670 690
670 671
669 698
671 673
669 696
669 667
667 701
670 673
670 686
667 690
670 677
669 682
670 671
670 694
670 681
670 685
669 679
670 693
669 672
669 686
670 657
669 699
670 662
669 690
670 681
670 684
670 689
668 688
669 687
669 659
665 689
670 665
669 683
670 662
670 687
669 675
670 702
669 668
670 690
670 657
669 693
671 678
670 687
670 669
671 683
670 673
670 686
669 674
669 680
670 678
669 688
665 699
670 794
670 695
669 683
668 691
665 671
669 675
665 674
671 673
670 689
670 681
670 679
669 686
670 668
670 677
670 685
670 665
670 651
670 663
669 687
670 669
670 692
670 652
670 690
669 646
671 691
671 671
670 696
670 580
669 682
670 689
669 671
665 695
670 673
670 691
669 672
670 697
669 669
670 686
670 700
670 703
669 690
670 685
670 673
670 676
669 692
669 690
670 678
671 675
669 703
670 668
670 686
670 683
670 686
670 656
670 712
670 661
668 686
670 661
670 686
667 668
669 713
670 690
669 693
671 684
670 683
669 602
671 673
670 671
669 670
670 688
670 665
670 687
668 667
671 702
670 671
670 665
669 664
670 697
669 670
669 669
670 686
670 692
671 687
670 686
669 692
670 632
669 696
667 667
670 706
669 686
