669 667
669 683
670 673
670 685
671 697
670 686
669 689
666 679
670 686
670 671
670 693
671 673
669 711
670 674
670 701
669 679
669 709
669 654
670 626
669 664
670 704
670 656
666 683
668 668
669 683
665 669
670 691
669 692
669 678
671 686
670 656
669 744
669 672
670 699
670 671
669 685
670 676
670 697
670 659
669 690
669 687
670 675
669 691
671 682
670 581
670 677
670 690
670 666
669 700
669 661
670 702
669 676
667 700
670 676
670 692
670 667
670 687
669 693
670 674
669 675
670 685
670 772
670 660
669 678
670 662
670 689
670 668
671 684
666 661
669 699
669 660
669 696
670 669
669 700
670 662
670 690
671 650
671 682
666 667
669 699
671 610
665 673
669 680
669 638
665 687
671 670
669 679
669 636
671 691
669 784
669 715
669 676
670 689
670 678
671 674
671 694
667 682
669 687
669 687
670 687
670 682
670 687
670 682
669 807
668 652
669 706
670 675
669 709
670 666
670 706
670 669
670 691
670 673
670 675
669 680
670 680
669 687
669 687
669 680
669 670
670 695
669 660
669 685
666 670
669 716
670 647
670 698
670 690
670 689
670 690
670 685
669 587
667 679
670 688
670 685
669 679
670 626
670 692
670 681
669 696
669 682
670 712
665 664
667 682
670 668
668 723
669 655
670 684
669 668
670 679
669 675
670 684
664 698
666 687
670 693
669 676
670 713
670 667
670 669
669 660
670 692
669 681
670 663
671 678
670 692
669 697
670 696
670 688
670 670
669 672
669 673
670 679
670 802
670 702
671 663
670 657
669 677
667 706
670 671
670 697
670 630
665 702
669 667
670 680
669 664
670 682
669 681
669 674
670 692
670 663
670 695
669 676
665 699
669 670
669 669
670 662
671 685
670 668
670 694
670 645
670 689
671 678
670 697
670 681
669 666
669 682
671 678
669 686
669 674
670 686
671 665
669 704
669 662
669 703
669 663
669 709
669 669
669 720
670 700
670 686
670 674
670 679
670 671
669 675
670 677
670 661
670 680
669 679
670 682
670 661
665 690
670 667
670 696
670 669
668 701
670 656
669 696
669 674
671 687
671 684
669 679
670 700
670 669
669 694
670 666
670 692
670 674
668 690
669 677
670 676
670 652
670 685
670 682
669 687
669 673
670 678
