670 688
671 677
670 683
666 682
669 676
665 690
671 665
669 705
670 665
669 676
670 659
669 675
670 670
670 678
671 675
670 599
670 667
666 682
669 704
670 685
669 670
669 675
669 693
669 673
669 698
669 675
670 690
669 671
669 695
669 649
669 688
666 678
669 694
670 683
669 682
669 672
669 676
670 660
669 686
670 682
669 671
668 805
669 688
671 688
669 661
664 687
670 689
670 680
669 685
669 682
669 671
670 695
669 713
666 685
670 683
668 681
669 675
669 609
670 699
669 676
669 691
669 663
670 671
670 663
670 695
669 675
669 697
669 625
671 696
669 657
670 690
669 673
669 682
669 689
669 685
670 686
670 685
669 701
670 678
669 696
670 661
669 685
670 677
670 685
668 673
670 692
669 674
670 704
669 669
670 690
669 678
670 674
669 684
670 684
668 697
671 663
670 701
670 668
669 690
667 670
669 690
670 679
669 686
670 642
669 695
670 670
670 704
668 668
670 573
669 676
669 679
669 684
669 678
666 683
670 665
669 683
669 671
669 697
669 673
669 699
670 667
669 682
670 684
669 692
669 663
669 698
669 675
669 683
670 701
670 672
670 704
669 674
669 686
670 660
669 694
669 685
669 717
669 671
667 703
669 685
669 687
670 672
669 682
670 674
669 673
670 703
670 689
670 693
669 671
669 683
669 675
670 696
670 661
669 689
669 658
670 684
669 672
669 698
669 692
668 691
670 671
671 679
670 693
669 679
670 684
668 669
669 738
669 679
670 671
669 667
669 716
667 664
671 692
664 672
670 682
669 669
669 691
669 677
669 725
670 691
670 684
669 681
668 692
669 693
669 674
670 683
666 672
669 681
669 681
669 696
669 654
669 694
670 668
669 678
670 682
670 706
669 670
670 684
671 682
670 677
669 678
670 679
669 800
669 649
670 706
669 679
670 690
664 694
669 701
669 655
668 692
666 672
670 683
671 677
669 676
669 690
670 664
665 686
670 669
669 687
670 690
670 688
670 686
670 701
670 685
669 692
670 658
669 696
671 669
669 683
669 677
669 692
669 733
670 682
665 681
669 691
669 695
669 680
668 669
670 664
669 696
669 666
669 763
670 686
670 688
669 680
669 711
670 683
669 700
670 664
