670 660
670 680
669 666
671 708
670 670
670 713
670 681
670 683
671 656
669 684
669 684
669 683
671 685
669 681
670 684
670 586
667 687
669 654
669 698
667 670
666 702
669 647
669 698
669 673
668 686
669 676
670 692
669 668
669 683
669 660
667 683
667 704
668 689
670 707
670 670
665 681
669 670
669 683
669 656
669 697
665 666
669 706
666 667
669 689
670 703
670 698
665 687
670 674
670 624
669 670
669 694
669 665
669 682
670 648
669 683
670 695
669 699
671 672
669 692
669 667
669 685
671 681
669 706
670 692
669 698
669 681
670 684
669 690
669 664
669 688
669 670
669 700
669 548
670 697
669 661
670 689
670 672
669 694
670 690
669 700
670 681
669 689
670 685
668 670
669 687
669 680
670 684
666 681
670 676
664 672
670 689
669 701
671 703
669 663
671 692
669 683
669 703
670 642
670 694
670 681
669 664
670 674
668 683
669 689
670 671
670 692
669 658
669 705
670 667
669 706
665 582
670 686
670 657
670 706
668 694
669 672
669 685
670 681
669 676
669 688
669 700
670 680
669 688
669 653
670 730
670 663
669 712
669 677
669 701
668 671
670 703
670 674
670 687
667 697
669 703
669 684
671 671
669 677
670 669
669 682
669 687
669 679
671 671
669 692
669 684
669 690
670 635
669 846
667 679
669 701
667 671
669 693
669 670
669 678
670 679
669 662
669 610
669 662
666 692
670 663
670 702
669 670
669 693
670 621
665 697
669 678
669 684
671 667
667 686
670 681
669 684
671 680
669 691
669 672
669 685
669 679
669 669
670 677
669 676
665 670
669 679
667 689
670 664
665 697
669 610
671 700
670 676
667 690
669 679
670 682
670 697
669 666
669 681
666 682
669 677
669 670
670 683
665 668
669 677
670 659
670 702
670 653
669 699
669 693
670 677
669 679
670 680
669 682
669 687
669 686
669 664
670 682
669 654
669 690
670 682
670 668
665 675
669 687
669 672
669 707
669 671
670 682
670 676
669 699
669 672
670 677
669 626
669 679
666 683
670 644
668 701
669 678
669 676
671 669
669 700
670 572
669 706
670 667
670 691
669 672
670 697
665 677
669 685
671 678
669 696
669 694
669 682
668 680
669 670
669 699
670 644
669 694
669 663
