670 675
666 664
670 691
669 661
670 682
670 678
670 698
670 678
669 694
669 669
669 679
669 657
669 659
670 680
669 666
669 689
669 677
669 688
667 670
669 703
670 666
670 673
669 676
670 694
669 686
670 691
670 673
670 685
669 682
670 687
669 686
670 665
669 824
669 682
669 702
670 677
669 683
670 654
669 671
669 663
669 692
670 670
669 702
668 680
669 672
671 694
670 680
668 693
669 667
670 687
669 678
669 701
669 680
669 689
670 662
669 687
669 685
669 683
670 675
669 728
670 695
669 672
669 696
669 675
671 674
669 656
670 688
669 673
669 688
669 687
670 674
670 677
666 709
669 669
670 691
670 675
667 695
670 711
670 709
669 675
666 695
670 693
670 676
670 685
670 685
670 677
670 660
670 689
668 662
669 701
667 659
670 673
669 681
670 696
669 669
669 700
669 669
671 694
669 674
670 682
670 696
669 682
670 697
670 666
669 695
670 685
670 679
670 680
669 708
667 672
669 691
669 674
669 672
671 697
667 681
670 738
669 698
669 676
670 686
665 692
670 674
669 704
669 658
669 691
670 674
669 733
670 673
669 694
672 662
670 676
670 679
669 683
670 685
670 696
670 683
669 684
667 699
669 669
667 683
670 681
670 688
670 669
669 707
670 681
669 688
669 684
669 706
670 665
669 685
669 683
669 688
670 686
670 676
670 664
669 666
670 700
670 688
669 713
669 671
670 683
669 670
671 708
669 686
670 688
669 680
669 703
669 676
669 687
670 689
670 689
670 678
669 675
669 789
670 685
670 701
670 679
670 705
665 669
670 692
669 675
670 696
669 686
670 700
669 676
669 675
669 676
671 686
669 684
670 668
669 686
664 658
670 684
670 679
670 689
669 663
670 683
666 656
669 693
669 663
670 694
666 664
669 755
668 677
671 681
665 670
669 700
670 679
670 682
669 679
670 675
670 681
670 647
670 690
670 688
670 697
669 719
670 689
669 687
669 687
667 692
669 693
665 689
669 682
669 683
670 691
667 681
669 667
669 689
670 687
669 703
670 695
669 684
666 691
669 688
670 650
669 680
670 675
669 687
669 680
668 686
669 674
670 664
667 692
669 680
669 688
669 677
670 697
670 688
667 706
670 670
665 695
669 675
665 692
669 670
669 701
