670 666
669 704
670 669
669 707
669 681
669 696
669 701
669 698
669 666
669 689
671 662
669 677
669 673
669 672
667 681
669 671
670 698
670 672
670 684
669 675
668 696
669 551
663 688
670 689
671 700
669 682
669 681
670 687
670 685
670 675
671 693
670 688
669 675
669 670
669 679
671 668
669 682
669 679
670 674
670 697
669 671
670 709
670 706
670 678
669 689
669 686
669 682
669 690
669 688
670 672
670 597
669 671
670 685
669 663
669 684
669 673
664 680
669 668
670 668
670 668
670 697
670 682
670 689
669 663
670 694
670 635
670 679
669 692
671 690
669 691
671 690
669 688
671 668
669 696
670 660
669 692
665 645
669 689
667 685
670 685
665 679
669 700
670 689
669 670
670 697
669 672
669 694
671 676
669 690
670 651
667 686
669 686
669 676
669 689
668 687
669 666
669 699
665 690
667 673
669 662
669 690
665 670
669 687
670 695
670 688
668 683
670 641
670 715
670 678
671 700
670 674
669 686
669 680
669 705
669 660
669 672
669 670
669 674
669 694
669 685
670 672
669 690
670 686
669 682
670 691
669 699
670 690
669 656
670 683
670 670
670 692
669 663
669 680
670 678
669 734
670 665
669 681
671 670
667 669
669 698
669 689
671 696
669 676
669 685
669 657
670 699
669 670
670 691
669 664
669 690
668 673
668 669
670 683
670 671
669 689
670 581
670 678
669 676
669 702
669 684
669 697
669 668
670 706
666 662
669 702
669 656
669 675
667 680
670 694
669 661
670 685
667 663
669 685
669 679
671 677
669 684
670 673
670 688
670 674
670 694
670 662
670 683
670 671
669 697
670 692
670 709
669 660
670 682
671 672
670 696
669 688
670 584
669 693
670 693
669 690
670 660
669 692
670 663
670 702
670 701
669 703
670 677
669 673
670 664
669 682
669 680
669 692
669 613
669 688
669 677
669 669
669 683
669 659
670 685
668 677
670 685
670 676
666 694
669 678
670 696
670 694
666 692
670 648
666 692
669 676
669 695
670 672
669 687
670 681
669 686
670 695
669 694
669 691
669 682
669 694
670 677
669 682
670 648
669 710
669 679
671 695
669 674
671 691
670 674
665 664
670 679
669 695
671 691
670 667
669 704
669 662
670 671
669 654
670 686
