681
363
1023
1023
0
0
850
0
0
1023
1023
1023
38
798
1023
6
0
0
834
0
0
1023
0
0
0
1023
1023
1023
0
0
1023
1023
585
1023
0
1023
1023
0
0
0
0
0
1023
0
658
0
0
1023
0
0
502
0
1023
0
1023
0
0
470
1023
0
1023
0
0
1023
982
0
1023
0
841
0
891
1023
0
1023
6
681
766
854
1023
175
0
0
0
1023
246
799
0
863
0
0
6
758
0
1023
0
0
1023
1023
0
0
0
1023
0
502
0
0
722
0
1023
642
0
361
1023
0
0
1023
0
1022
1023
626
0
1023
0
658
715
0
0
0
1023
0
1023
0
1023
555
0
0
0
198
623
0
0
1023
0
1023
406
