0
0
1023
0
0
1023
1023
0
0
0
0
1023
0
0
0
0
0
0
0
1023
898
0
1023
1023
0
1023
0
0
406
0
811
22
1023
971
0
0
0
0
1023
0
0
278
555
1023
1023
0
0
86
1023
1023
0
0
598
0
54
0
1023
0
406
0
0
127
1023
143
1023
790
0
0
971
1023
0
1023
0
0
1023
1023
0
38
747
1022
1023
1014
0
0
372
0
0
0
1023
0
534
0
0
1019
1023
598
0
70
0
683
0
662
0
1023
0
0
1023
1023
0
0
1023
198
0
850
0
0
1023
0
1019
0
0
0
105
102
1023
0
1023
1023
0
0
0
1023
377
0
0
683
1023
0
555
0
0
1023
310
978
0
598
0
1023
0
0
1023
811
0
1023
1023
0
891
0
754
539
0
0
