619
619
0
0
105
246
937
626
713
0
1023
0
0
1023
1023
434
150
0
598
834
914
0
0
1023
598
0
1023
978
0
0
0
0
1023
6
0
0
86
843
0
1023
0
1023
0
1023
0
873
1014
1023
0
0
0
1023
617
0
1023
0
0
0
907
1023
0
1023
0
0
0
1023
0
1023
1023
1023
118
0
1023
0
1023
598
1023
0
1023
795
694
0
1023
886
0
0
0
523
0
0
758
0
1023
0
1023
1023
1023
0
310
0
0
0
619
1023
570
0
1023
0
0
299
0
427
0
1023
1023
0
534
361
0
358
406
0
0
0
886
0
1023
1023
978
0
882
1023
0
0
0
491
326
0
0
0
507
598
0
0
0
1023
0
0
0
1023
1023
0
0
