1023
1023
1023
0
38
715
1023
0
1023
1023
41
1023
635
0
0
0
1023
882
0
0
0
1023
0
0
1023
0
0
6
1023
0
1023
1023
939
0
13
207
0
617
1023
182
534
1023
0
0
470
0
646
0
1023
1023
0
0
0
454
0
0
0
1023
0
0
598
1023
0
898
0
0
0
0
0
0
0
978
0
0
1023
118
0
566
0
1023
706
1023
747
617
0
0
0
1023
0
0
1023
1023
0
0
454
6
0
0
0
1023
331
73
0
0
0
1023
0
507
1023
0
166
0
0
1023
854
1023
0
1023
1023
987
1023
1023
1023
1023
0
1023
0
299
1023
150
0
0
114
1023
1023
790
0
1023
0
811
1023
0
0
0
491
0
553
0
1023
1023
502
0
0
0
0
201
0
0
1017
0
