0
0
425
0
329
395
0
0
0
0
758
0
0
1023
1023
75
0
937
0
374
662
0
0
0
0
0
0
118
0
1023
1023
0
0
0
0
1023
0
1023
233
1023
0
0
0
0
6
0
9
0
0
0
0
0
1023
0
0
0
1023
0
0
0
54
310
1023
0
1023
457
118
0
0
1023
1023
1023
1023
811
73
1023
1023
1023
0
918
0
1023
1023
0
374
0
265
0
246
0
1023
70
1023
1023
1023
1023
73
1023
1023
230
1023
555
1023
0
0
0
1023
1023
0
1023
914
0
182
1023
0
0
0
1023
0
0
0
1023
0
0
1023
0
0
1023
0
0
0
6
1023
1023
1023
882
1023
706
1023
926
0
0
0
1023
0
745
1023
0
0
326
0
619
0
38
0
1022
1023
0
173
