1023
0
0
1023
0
1023
299
1023
683
0
0
1023
1023
9
1023
0
0
0
962
1023
0
1023
1023
0
1023
1023
1023
0
1023
1023
1023
0
1023
1019
1023
0
0
0
1023
0
0
457
438
11
1023
1023
214
1023
0
0
0
1023
0
0
38
1023
0
0
1023
0
0
0
182
1023
978
1019
1023
0
710
0
758
971
1023
1023
1023
0
0
171
0
882
1003
978
0
0
1023
1019
1023
0
0
1023
0
946
310
0
0
1023
1023
1023
1023
0
0
267
0
1023
207
1023
0
978
1023
0
0
1023
1023
1023
594
0
1023
0
1023
214
502
683
1023
367
0
0
0
0
0
0
1023
0
914
651
987
0
214
0
642
0
0
0
1023
0
1023
978
0
0
0
0
873
1023
0
0
1023
0
534
0
841
214
0
