265
1023
715
0
0
427
0
0
1003
0
0
1023
1023
534
0
0
1023
0
843
425
1023
585
0
0
1023
0
1023
1023
1023
0
1023
1023
331
1023
1023
0
0
690
1023
0
0
1023
0
0
0
22
41
0
715
0
0
1023
1023
1023
0
0
587
0
0
1023
530
0
326
0
0
1023
594
0
1023
1023
0
0
0
1023
0
1023
70
0
1023
0
1023
1023
0
182
0
0
1023
9
0
1023
0
0
0
1023
267
0
0
0
0
0
1023
0
1023
0
0
0
0
0
0
582
214
0
0
0
0
0
0
0
0
0
0
1023
1023
214
47
86
1023
406
0
0
0
1023
1023
0
694
0
1023
1023
1023
0
0
0
0
1023
0
1023
0
1023
779
1023
1023
971
694
329
598
0
0
0
1023
0
0
201
