201
1023
0
0
246
843
1023
1023
0
0
0
374
0
0
1023
0
1023
1023
1023
329
758
0
1023
0
1023
0
0
0
203
15
0
41
1023
0
0
0
0
1023
1023
1023
1023
0
1023
0
1023
0
0
425
0
0
1023
0
6
150
0
0
1023
1023
0
470
1023
662
0
0
1023
1023
1003
0
0
0
0
0
1023
0
0
0
683
1023
0
978
0
0
0
73
246
86
1023
0
0
0
379
0
1023
1023
0
0
0
0
0
0
246
1023
0
939
0
233
1023
0
0
1023
0
1023
127
265
1023
0
0
1023
0
1023
0
1023
0
1023
0
715
0
1023
0
0
0
1023
0
0
166
0
0
0
0
0
438
0
594
713
278
0
230
0
1023
534
898
0
0
0
1023
182
0
0
0
1023
0
0
