0
0
0
0
0
1023
683
278
0
0
922
438
1023
0
0
582
841
0
0
1023
0
0
0
1023
0
0
329
0
0
0
0
0
0
0
1023
0
0
0
1022
662
1023
0
1023
1023
0
0
303
0
891
1023
0
0
0
0
466
0
0
0
0
0
914
0
0
777
713
962
1023
0
1023
0
1003
379
0
1023
1023
265
0
1023
0
971
0
1023
1023
1023
1023
1023
0
1023
722
0
1023
0
1023
0
971
0
169
143
1023
1023
0
0
962
0
1023
0
470
0
0
0
854
1023
0
0
1023
0
379
1023
15
1023
1023
0
1023
1023
150
1023
0
1023
1023
1023
0
0
0
0
1023
1023
214
1023
0
1023
438
0
0
0
1023
534
0
0
0
0
459
0
1023
0
0
0
0
598
