111
0
0
0
0
0
1023
0
0
1023
470
578
0
1023
0
390
978
0
1023
1023
834
1023
1010
662
0
169
1023
1023
0
0
246
1023
0
0
329
1023
1023
0
0
1023
1023
0
1023
0
0
1023
939
882
662
150
0
1023
1023
0
0
0
1023
1023
0
0
1023
0
86
0
0
0
1023
0
1003
1023
0
598
0
1023
0
450
0
1023
0
0
1023
0
1023
134
0
470
1023
310
642
1023
0
1023
1023
843
690
1023
457
1023
86
1023
1023
582
342
0
150
0
1023
1023
1023
329
0
214
978
875
1023
1023
0
0
0
111
0
850
0
278
1023
534
1023
