0
1023
1023
850
0
0
767
0
338
0
0
0
1023
182
1023
0
779
0
459
0
706
0
201
0
914
1023
390
86
0
0
1023
0
1023
706
1023
1023
1023
562
0
0
1023
1023
0
0
598
0
0
1023
0
0
1023
0
0
0
0
0
0
326
363
0
1023
0
0
0
1023
406
246
662
0
0
1023
150
1023
0
1023
1023
0
582
265
1023
1023
875
0
1003
1023
1023
0
1023
1023
0
0
1023
1023
1023
0
534
1023
0
0
246
1023
662
726
0
1023
0
0
0
0
0
0
0
0
1023
0
54
1023
390
399
1023
0
0
1023
1023
1023
786
0
1023
0
0
0
1023
1023
0
1023
1023
54
0
1023
0
1023
1023
0
918
1023
1023
0
246
907
0
1023
0
0
233
0
1023
0
1019
0
0
1023
553
0
134
