1023
1023
0
1023
1003
438
425
1023
0
1023
1023
0
0
594
1023
0
1023
0
0
0
1023
0
1023
594
969
0
0
0
0
0
0
1023
0
0
0
326
0
1023
0
1023
1023
0
0
858
0
166
1023
0
0
0
0
0
1023
0
0
0
0
1003
0
0
0
1023
553
0
0
1023
0
0
0
0
747
0
1023
0
0
0
0
1023
1023
1023
0
0
0
454
0
1023
0
1023
374
0
0
882
1023
0
0
0
0
1023
0
1023
914
0
0
1023
1019
0
1023
0
0
0
0
0
1023
0
850
898
0
0
1023
1023
0
1023
1023
0
0
1023
1023
0
1023
25
1023
0
1023
922
635
0
1023
0
1018
873
0
0
0
1023
1023
0
0
1023
0
978
0
0
0
1023
0
