
0
0
0
1023
1023
1023
0
1023
0
0
1023
578
978
1023
0
1023
54
0
0
1023
0
0
1023
0
0
0
0
1023
1023
9
1023
0
431
0
1023
0
0
0
0
0
1023
0
182
0
0
0
0
1023
0
0
0
406
0
1023
0
0
0
1023
598
0
406
1023
0
1023
0
121
1023
1023
1023
0
1023
1023
0
0
0
1003
0
1023
1023
0
0
1023
1023
457
1023
0
0
0
0
1023
1023
111
0
0
0
0
1023
1023
1023
0
0
1023
1023
0
1023
105
1023
1023
1023
809
1023
1023
1023
466
0
169
914
1023
0
0
1023
0
