0
0
22
1014
1023
553
1023
150
1023
598
1023
0
0
470
0
0
0
790
105
0
0
1023
1023
553
0
0
125
0
1023
246
822
0
0
0
0
946
201
45
0
365
598
374
1023
267
406
0
0
713
0
0
0
0
0
1023
0
0
0
1023
0
0
1023
1010
0
0
777
278
0
0
491
1023
105
1023
758
265
777
0
1023
1023
1023
0
0
1023
1023
0
0
0
809
0
0
779
0
0
1023
0
0
150
642
470
0
0
0
0
0
1023
0
0
991
918
1023
1023
1023
907
182
182
1023
0
1023
1023
1023
1023
0
1023
0
0
1023
1023
1023
0
1023
534
0
9
1023
0
0
1023
0
914
1023
0
1023
1023
1023
438
762
0
0
0
1023
623
694
1023
0
1023
0
0
1023
0
0
926
