0
0
1023
1023
1023
0
0
0
0
0
1023
0
715
1023
1023
0
0
0
0
0
1023
0
0
150
0
0
0
1023
1023
0
514
1023
0
0
0
0
0
0
0
1023
1023
0
1023
0
0
0
1023
1023
0
0
0
982
1023
0
1023
1023
990
0
77
1023
918
0
1023
0
0
0
0
1023
0
1023
0
0
1023
0
363
0
0
0
1023
0
1023
1023
1023
1023
0
0
342
22
0
1023
978
326
1023
1023
0
662
1023
1023
1023
0
246
1023
0
0
0
0
0
489
134
1023
0
1023
1023
0
1023
0
361
0
86
1023
0
1023
0
1023
0
0
0
0
1023
0
0
1023
0
1023
265
0
0
0
1023
0
1023
715
118
1010
0
617
969
0
0
1023
0
0
6
0
6
0
713
1023
457
0
169
