0
0
0
1023
1023
0
1023
0
0
0
1023
246
777
1023
0
0
1023
0
105
811
0
1023
246
118
0
0
1023
9
0
0
1023
0
0
86
0
1023
0
0
0
0
0
0
1023
1023
342
0
0
0
1023
0
214
1023
0
0
1023
150
0
0
0
425
1023
1023
0
0
0
0
850
1023
0
1023
0
0
0
1023
1023
0
1023
0
617
1023
0
1023
0
1023
0
0
726
0
0
0
926
54
1023
406
1023
1023
0
0
0
0
1023
0
1023
1023
0
0
0
406
0
1023
850
585
1023
0
1023
265
0
0
0
22
0
139
0
0
326
0
0
0
1023
1023
0
1023
946
1023
0
0
0
633
1023
0
1023
329
86
1023
342
0
0
1023
0
1023
0
0
1023
1023
0
0
0
0
873
