0
1023
1003
1023
1023
0
1023
1023
0
1019
1023
0
1023
0
1023
0
1023
0
201
0
1023
0
658
1023
0
0
726
0
1023
939
0
0
1023
0
0
0
425
0
0
1023
0
0
1023
1023
0
0
214
1023
0
0
0
594
0
0
0
1023
1023
0
1023
457
777
0
0
0
0
1023
1023
0
0
0
0
0
454
843
0
0
0
0
0
1023
1014
0
1023
0
1023
6
86
0
22
790
0
0
0
1023
758
1023
1023
0
1019
0
1023
11
0
0
434
1023
13
1023
811
754
0
578
0
0
0
0
0
0
22
0
1023
1023
0
1023
1023
0
0
0
0
891
393
1023
706
0
1023
1023
0
0
0
470
939
1023
626
745
1023
0
0
0
0
1023
0
0
1023
1023
1023
1023
0
1023
0
0
0
1023
0
0
