1023
0
566
0
1023
1023
0
0
0
0
882
0
0
0
1023
0
0
1023
518
0
0
0
626
1010
1023
0
0
1023
0
0
1023
1023
0
898
0
0
1023
939
0
1022
0
0
1023
1023
1023
0
0
1023
1023
0
1014
0
1023
713
0
690
0
1023
0
246
0
1023
0
1023
1023
0
0
0
0
1023
374
681
0
1023
534
1010
1023
0
1023
1023
0
0
1010
0
0
0
0
1023
1023
0
1023
111
0
1023
0
0
1023
0
0
1023
809
0
0
1023
9
0
406
1023
971
0
1023
0
0
0
329
1023
1023
0
1023
1023
0
239
1023
1023
6
0
0
1023
0
1023
425
0
0
553
0
939
0
86
342
918
1023
0
0
338
0
1023
0
0
0
1023
862
1023
1023
0
470
0
790
374
0
233
0
1023
