671 660
671 711
665 678
669 702
670 673
669 687
670 665
670 583
665 673
670 694
670 685
670 697
669 683
670 690
669 686
669 677
670 699
667 666
669 696
670 654
670 686
670 660
670 705
668 675
670 709
669 689
669 702
670 678
670 693
669 652
670 675
670 690
668 671
670 689
669 664
669 691
669 818
670 695
670 671
668 706
670 665
670 683
669 669
670 699
667 665
670 695
670 688
669 689
670 684
670 550
667 676
670 664
669 704
667 673
670 708
669 638
670 706
670 663
670 690
669 661
670 688
669 668
670 692
670 669
670 720
669 686
666 693
670 690
668 683
669 687
669 668
669 704
671 671
669 700
667 660
670 701
670 642
671 708
670 715
670 681
670 655
670 697
670 675
665 690
670 671
670 659
670 692
670 666
669 685
670 664
671 698
671 675
669 683
669 648
674 680
669 662
671 701
670 670
670 685
670 652
670 701
670 681
670 696
670 680
663 680
671 684
669 666
666 719
671 687
670 600
670 668
670 696
669 665
669 712
669 667
669 668
669 661
670 696
669 679
670 681
669 690
670 654
669 685
670 683
670 694
670 637
669 664
669 633
670 704
669 668
669 681
667 654
670 699
670 680
666 696
670 686
670 685
670 688
666 675
669 688
670 671
669 687
669 661
669 694
670 707
670 714
669 674
671 696
669 669
665 698
668 657
671 700
665 683
671 701
670 678
670 701
666 678
669 673
670 679
665 686
669 704
669 655
669 727
669 668
670 718
666 639
670 695
669 672
669 689
670 667
670 687
671 664
670 668
669 679
671 697
670 693
670 690
670 693
670 654
670 706
670 664
669 697
669 680
671 700
670 679
669 707
670 685
670 702
669 691
671 691
669 675
669 696
667 675
669 668
669 701
670 653
670 656
667 673
669 686
669 676
669 693
665 632
670 726
669 654
669 703
669 689
670 686
668 684
670 701
669 687
671 666
670 719
670 665
669 684
670 665
670 700
670 668
669 712
669 667
671 707
669 653
669 696
670 664
670 683
669 642
671 671
669 671
670 686
670 684
670 676
669 678
671 681
670 713
669 657
669 685
670 660
670 695
671 674
678 702
668 667
670 692
670 660
670 689
670 562
670 687
670 704
670 683
670 693
669 666
670 690
670 658
669 688
669 663
669 685
670 661
669 691
669 670
