670 692
670 680
669 695
670 667
670 695
669 663
670 708
670 685
670 703
670 664
670 698
671 678
671 697
670 650
671 689
669 673
670 683
671 682
670 688
666 693
664 685
670 688
670 669
669 720
670 652
671 684
669 674
670 697
670 679
666 709
669 658
670 683
667 676
670 670
669 683
671 685
670 678
669 687
670 693
671 644
667 671
671 672
670 692
669 657
670 708
671 693
667 687
670 715
670 695
669 724
669 761
670 552
669 684
670 688
670 666
667 683
669 639
670 706
670 675
669 685
670 659
667 700
670 704
666 704
670 673
670 674
669 672
668 681
669 652
669 664
671 641
670 695
668 689
670 631
670 675
670 678
669 699
670 676
671 723
670 670
670 680
670 662
671 698
665 670
669 686
670 677
669 673
670 685
670 667
671 678
671 687
671 677
670 676
669 700
669 671
669 703
669 654
670 703
669 661
670 689
669 667
670 704
669 642
669 701
670 674
670 699
670 684
669 666
670 714
669 672
670 686
668 679
669 694
670 660
670 708
669 673
669 700
669 677
670 700
671 673
670 694
670 668
670 704
669 680
670 685
669 697
670 666
669 701
671 661
670 696
670 668
669 698
669 668
670 665
670 552
670 688
671 693
669 713
665 665
670 699
670 670
668 654
670 666
670 673
669 690
670 677
670 694
666 669
670 691
669 666
671 698
670 667
669 705
672 686
670 659
670 675
670 681
670 677
667 687
670 685
670 686
670 688
669 683
670 693
667 660
669 676
670 675
669 693
669 680
670 691
670 700
670 689
669 658
668 682
670 676
669 692
669 675
670 675
670 702
671 721
670 669
666 678
670 694
670 679
669 695
670 671
668 709
670 673
671 707
670 672
671 704
670 681
669 703
669 671
670 684
670 682
669 691
670 662
670 672
671 680
670 656
666 710
671 682
669 698
668 681
666 689
669 674
670 701
670 633
670 683
671 682
671 667
670 692
670 673
669 671
670 670
670 686
670 681
669 690
668 657
670 680
669 688
672 691
670 699
671 711
670 672
670 700
669 674
670 699
670 676
665 687
669 680
670 674
670 689
670 676
670 682
669 682
670 672
669 656
670 708
670 687
665 707
670 690
669 711
669 668
669 703
670 688
670 683
671 681
670 684
669 695
670 685
669 691
669 634
670 686
669 670
669 698
