670 678
669 689
664 680
668 688
670 677
670 688
670 665
669 695
669 668
669 686
669 672
670 700
669 678
670 695
670 694
669 682
670 678
670 668
667 689
669 655
669 694
669 672
671 706
669 655
670 673
670 671
670 691
667 674
670 681
669 681
670 678
670 672
670 680
670 675
670 672
669 680
669 671
670 673
671 685
670 702
669 656
669 679
670 670
670 708
669 661
670 690
670 682
670 663
670 689
669 604
670 691
670 678
670 693
669 662
670 702
671 660
669 724
670 657
667 698
670 663
669 708
671 672
670 692
669 676
671 703
670 667
669 694
670 670
670 537
670 695
670 664
670 685
670 689
669 699
670 653
669 703
671 680
671 677
670 677
669 692
669 693
666 682
670 694
670 694
666 686
671 695
669 673
669 687
670 690
671 670
666 691
670 626
670 696
670 677
670 709
669 674
668 702
669 668
667 688
671 663
670 696
666 731
669 692
669 683
665 685
670 671
670 678
670 698
669 668
669 697
669 765
670 693
669 659
666 688
669 671
670 682
669 682
669 704
666 758
670 701
669 679
670 679
669 692
669 691
665 683
671 670
669 582
670 679
669 680
669 674
669 704
670 653
669 717
670 675
670 692
669 680
671 701
670 679
665 687
667 687
670 715
669 680
670 687
669 681
671 664
670 705
669 668
670 697
670 551
670 702
670 655
669 704
670 660
667 703
670 668
670 673
670 679
669 668
667 686
670 667
669 682
664 650
670 706
669 678
670 704
671 679
670 701
670 697
670 696
670 545
670 705
670 674
670 694
670 679
669 682
669 680
670 685
670 575
670 673
670 682
670 673
668 678
671 672
670 703
664 539
670 695
670 653
671 694
669 673
670 694
671 676
669 685
667 599
670 693
670 688
669 690
671 689
670 684
670 697
669 657
670 706
666 671
669 704
669 650
670 698
670 673
670 681
670 665
669 692
669 668
671 696
670 679
669 725
670 692
670 664
669 687
670 674
669 685
669 659
669 702
670 677
670 704
669 705
669 703
669 687
670 703
669 680
670 685
670 700
670 687
672 691
670 658
669 610
670 663
670 706
670 667
670 684
670 675
669 711
669 672
670 724
667 664
670 693
670 660
667 705
669 686
670 682
666 687
670 724
670 680
669 669
670 684
669 681
670 690
