2
669 676
669 700
669 672
669 696
670 655
669 682
669 680
669 692

669 680
669 697
669 662
669 696
669 657
669 662
669 676
669 700
669 672
669 696
670 655
669 682
669 680
669 692
670 674
670 675
669 689
669 670
669 693
670 691
670 654
668 673
670 647
667 672
669 673
669 681
670 679
669 676
669 675
669 685
670 697
669 704
670 682
670 710
667 676
669 698
666 685
669 688
670 682
670 693
670 665
670 708
669 666
670 696
670 770
670 677
670 692
669 692
669 683
670 665
669 703
670 657
666 697
669 670
670 687
669 663
669 687
669 711
669 671
670 662
670 713
669 672
671 682
670 687
665 669
669 688
669 673
669 680
669 678
669 705
669 663
669 678
666 629
669 673
669 678
669 684
666 675
670 695
670 648
671 689
670 686
669 675
669 684
671 653
669 699
669 664
669 689
670 667
669 693
670 675
669 694
669 667
669 702
670 666
669 696
669 649
670 673
669 676
669 662
670 687
669 657
670 684
669 670
668 672
670 682
669 699
670 659
671 694
669 673
670 690
669 673
669 694
669 690
669 698
669 684
665 685
669 668
670 674
669 695
667 681
670 694
669 670
670 680
669 654
666 745
671 669
669 689
669 659
670 697
669 679
669 692
669 677
670 698
666 682
670 682
669 682
670 685
668 679
669 705
669 667
670 664
670 678
669 665
669 689
670 680
669 698
670 670
669 671
671 656
669 697
670 669
669 675
669 680
669 653
670 691
669 682
671 688
670 705
669 681
670 663
669 675
669 675
670 699
670 679
668 686
670 678
670 672
670 694
670 690
670 671
669 676
670 680
669 679
670 689
669 662
669 689
669 663
669 687
671 675
670 687
670 669
670 678
666 689
670 694
669 679
671 707
669 667
670 687
669 674
671 670
669 684
670 674
669 686
670 666
669 694
669 677
667 693
671 657
668 682
671 661
666 683
670 676
669 681
669 678
669 706
671 666
669 655
671 688
670 674
665 687
669 651
670 690
669 651
669 707
669 683
670 765
670 678
669 694
668 672
670 681
670 580
668 681
669 672
669 680
669 683
669 684
669 684
669 668
670 695
670 680
670 664
666 666
670 684
669 667
669 698
669 666
669 696
669 682
670 680
669 682
