670 670
669 704
670 677
669 682
669 675
670 657
670 657
669 685
670 686
669 668
669 735
669 660
669 695
670 664
670 705
670 670
670 691
670 674
666 692
669 688
670 680
669 654
667 677
669 680
667 663
670 685
669 666
670 700
669 675
669 700
666 672
669 708
669 676
670 689
669 672
670 682
666 821
670 687
669 691
670 674
669 683
670 654
669 698
669 650
669 690
671 678
669 689
670 679
669 683
669 670
669 727
669 667
669 682
670 675
669 681
663 679
669 689
670 684
669 674
666 688
670 691
671 678
669 677
670 689
670 672
669 706
669 672
670 680
669 669
670 696
669 668
669 676
669 664
667 673
669 689
666 675
669 685
669 668
670 690
669 675
669 687
669 646
669 694
669 666
670 671
665 660
669 734
669 706
670 658
669 688
669 697
666 694
671 665
666 678
669 687
669 703
670 655
669 689
670 682
669 680
671 685
669 694
669 664
668 688
669 662
670 696
669 658
670 682
670 680
669 692
669 696
669 686
669 665
670 650
670 683
669 693
671 694
670 687
670 737
669 677
667 688
669 651
669 701
670 653
669 695
669 663
670 686
670 673
670 679
669 671
671 669
669 684
666 671
670 686
671 679
670 699
669 664
670 709
670 673
670 687
668 653
670 682
670 691
670 669
670 687
670 679
670 677
669 680
671 690
670 675
669 706
669 675
669 686
670 673
669 692
670 664
670 681
671 678
669 698
670 675
669 677
670 690
669 690
669 682
669 667
671 702
669 688
670 681
669 679
670 704
670 672
670 701
669 693
670 704
670 647
669 679
669 670
667 691
670 679
669 685
669 680
669 665
669 680
670 684
669 675
669 672
669 687
670 701
669 688
670 622
669 698
670 670
670 700
670 635
670 681
669 656
669 683
669 678
669 693
667 696
670 669
669 695
670 667
669 695
669 667
669 701
669 658
669 710
669 679
669 677
670 682
669 689
670 664
669 693
668 681
669 686
670 687
669 683
665 684
669 686
669 683
669 666
669 678
669 658
670 674
669 672
666 687
669 664
665 689
670 682
665 685
669 679
670 697
670 668
669 674
669 677
669 678
670 687
668 664
669 697
671 672
670 675
670 660
669 697
670 669
670 695
669 667
669 683
670 651
669 684
667 674
669 684
669 684
669 690
669 683
670 676
669 690
