669 674
670 677
669 688
670 663
669 693
670 671
669 689
669 672
669 698
670 671
669 690
670 684
670 688
670 535
669 683
669 693
669 685
670 673
669 775
670 689
670 691
671 689
669 624
670 694
670 672
670 692
669 672
667 687
669 671
670 693
670 683
670 624
670 688
666 687
670 677
669 682
671 693
669 674
670 684
670 685
670 670
669 693
671 699
671 674
670 702
670 660
669 657
669 687
670 690
670 686
670 675
670 687
670 678
669 698
670 677
669 692
670 647
669 702
671 681
670 716
670 669
669 707
664 665
670 655
667 672
669 681
670 683
669 702
669 692
669 667
669 690
669 666
669 673
670 661
669 698
669 652
670 690
669 675
670 680
670 677
670 677
669 688
669 695
669 699
665 685
669 669
670 686
669 658
670 676
669 698
670 685
669 690
666 681
670 691
670 673
669 685
669 672
669 708
672 667
669 676
670 668
669 700
665 682
669 672
669 680
670 688
668 688
670 681
667 685
670 680
669 697
669 674
669 703
669 674
666 698
670 675
670 674
669 662
670 685
669 641
669 681
669 672
668 683
669 695
668 695
669 676
666 673
670 681
670 696
672 689
669 689
670 692
665 681
669 670
670 680
670 694
665 665
669 689
669 684
670 682
669 674
669 668
670 688
670 669
669 670
670 660
669 715
669 662
669 666
670 629
673 702
668 677
670 687
669 676
670 693
666 679
669 687
671 677
669 679
669 672
669 714
670 694
670 689
667 701
670 664
669 698
669 669
669 680
669 663
669 686
669 672
669 698
669 682
669 687
670 686
668 681
669 679
669 684
670 692
669 671
670 687
666 661
669 695
669 668
669 698
669 665
669 683
669 665
669 687
666 670
671 676
669 681
669 692
668 676
670 672
670 692
671 675
669 705
671 665
669 708
670 664
669 688
670 683
669 677
671 672
670 695
670 679
664 681
670 664
669 687
669 681
670 688
671 683
669 667
669 685
670 679
669 691
669 672
670 703
669 672
670 693
669 666
670 683
670 635
669 685
669 690
669 680
669 680
670 679
670 686
665 673
669 699
669 678
669 691
667 675
669 683
669 676
670 689
666 664
670 684
669 673
669 694
669 684
669 691
669 688
668 693
669 685
669 689
669 682
669 678
669 687
670 679
669 687
669 619
