670 675
670 677
670 700
670 666
669 704
671 696
670 699
671 664
671 688
669 744
670 681
670 665
670 672
670 656
670 684
670 682
667 675
670 698
670 674
670 681
670 682
670 709
664 676
670 675
669 668
670 694
671 660
669 688
670 677
669 686
669 681
670 686
667 681
670 643
670 699
670 676
670 687
671 686
670 683
669 669
670 692
670 668
671 678
669 679
669 674
670 694
670 667
668 707
671 685
666 690
670 685
670 679
671 647
670 661
670 676
669 703
670 650
666 708
670 664
669 730
669 655
670 810
670 681
669 686
667 686
670 675
669 676
668 677
671 682
669 669
671 693
670 685
668 683
669 678
669 708
665 639
671 690
668 668
669 707
670 670
670 723
669 696
670 683
669 683
670 692
672 669
669 688
670 685
670 677
670 674
671 667
670 688
669 667
670 724
670 646
669 703
669 664
670 689
670 682
670 699
671 680
669 704
670 748
671 700
670 669
670 681
669 675
665 679
670 676
669 662
671 693
670 655
670 717
671 675
669 704
670 665
670 671
665 688
671 684
669 687
669 692
666 717
670 672
670 671
670 644
670 684
670 685
669 689
668 681
670 701
669 658
670 694
670 665
671 714
669 644
670 760
670 677
669 672
665 677
670 675
670 672
670 675
670 704
670 666
670 689
669 694
670 671
670 680
670 695
669 667
669 703
670 662
670 691
665 688
671 676
670 688
671 676
669 683
669 670
669 695
670 672
671 683
670 675
670 807
670 661
667 702
671 681
670 684
669 665
670 703
670 687
671 673
670 666
666 668
669 687
670 692
670 679
669 660
669 683
671 673
666 694
670 694
666 691
670 653
669 700
670 674
670 665
670 672
670 649
670 683
668 698
671 716
670 666
669 670
670 671
669 681
671 678
669 675
669 683
671 686
670 683
670 700
670 661
670 695
671 670
669 696
671 665
670 687
669 665
670 670
670 680
664 683
669 689
668 675
670 670
670 667
670 676
670 675
670 692
670 667
670 693
669 687
670 685
670 671
670 680
670 665
665 674
670 675
670 671
670 678
670 671
670 694
671 674
665 698
669 673
669 688
669 686
670 709
667 667
667 692
669 657
671 696
670 675
669 694
670 675
670 685
670 682
670 660
669 694
670 672
670 689
671 673
670 677
670 687
669 705
