670 674
669 692
670 625
669 687
669 638
670 666
669 658
671 685
671 685
670 672
671 666
669 676
668 690
671 663
669 680
670 684
669 666
669 665
670 671
670 681
669 689
670 677
670 676
669 697
670 702
669 697
669 683
670 701
670 677
670 708
669 669
668 692
670 679
669 680
669 673
670 693
667 685
669 678
669 678
670 677
670 707
671 691
669 681
669 686
670 691
669 679
670 696
670 688
670 674
670 667
670 707
670 656
670 685
669 680
670 691
670 675
670 684
670 720
671 690
670 686
669 682
669 679
669 697
668 694
670 669
669 682
670 670
669 675
670 665
666 709
669 682
670 685
670 677
671 688
670 679
671 696
670 690
669 706
670 673
666 688
669 702
672 674
670 697
669 682
670 704
669 664
670 688
670 668
669 700
670 678
669 693
669 673
670 687
667 691
670 691
670 690
670 689
670 670
670 681
670 685
670 657
670 685
670 669
670 674
670 683
669 695
670 660
671 706
670 671
667 689
668 689
670 577
669 685
669 674
670 682
666 696
670 675
670 671
670 682
669 676
670 697
670 653
670 675
670 688
669 700
669 695
670 695
669 681
670 689
669 664
667 693
671 694
670 681
669 677
670 635
670 691
670 672
670 684
670 689
666 695
670 683
668 709
674 684
670 698
670 692
671 699
671 688
671 687
670 680
669 700
669 688
670 679
670 683
670 691
666 697
670 668
669 703
670 672
670 687
670 675
669 703
670 671
670 676
666 667
670 679
669 695
670 671
670 680
670 660
670 659
670 678
671 687
670 666
669 677
669 677
669 680
670 666
670 702
670 692
670 701
671 696
670 682
669 694
670 689
669 684
670 697
670 681
669 674
670 698
669 676
669 689
670 686
669 693
669 647
669 683
669 692
665 703
670 660
669 680
670 825
670 663
670 683
669 676
669 681
670 668
671 675
670 674
670 748
670 678
669 691
670 672
670 601
667 695
669 686
670 670
670 806
669 678
669 697
671 672
670 708
670 669
669 675
670 680
670 691
670 686
669 675
667 694
670 710
670 713
669 660
669 689
669 683
670 701
669 668
671 698
670 659
671 685
670 672
669 670
672 695
670 691
670 710
670 622
670 698
667 657
670 682
670 789
669 712
670 677
670 680
668 705
669 691
669 662
670 690
670 719
670 669
670 682
669 696
671 678
