670 696
669 641
670 706
669 680
670 677
670 679
669 677
670 690
670 669
666 693
669 675
670 686
671 672
669 690
670 670
670 692
669 669
669 685
670 664
670 675
670 659
669 676
670 670
670 688
670 696
669 686
670 678
669 664
669 694
670 675
670 707
669 671
671 701
670 681
670 590
670 671
669 688
670 670
669 688
669 691
670 687
670 653
670 689
669 684
670 670
670 688
670 673
670 678
671 674
669 671
670 667
670 707
669 663
670 696
671 679
670 684
670 693
670 690
669 673
670 659
669 666
670 679
670 722
669 682
671 679
669 683
670 682
670 670
666 686
670 657
670 668
667 672
671 711
670 665
670 661
669 688
669 679
666 692
670 680
666 681
669 717
670 656
670 679
670 695
670 647
670 686
670 654
668 685
670 691
669 698
670 684
670 707
669 669
671 685
669 699
670 692
670 690
669 680
667 670
669 691
669 697
669 667
669 661
666 675
670 702
669 664
670 709
670 689
669 694
669 649
670 815
666 675
669 679
670 683
669 607
670 696
669 672
668 688
670 664
667 688
669 648
669 711
671 659
669 698
669 697
671 815
670 689
669 676
669 698
670 677
669 676
670 713
670 685
672 668
670 681
670 698
669 561
670 667
670 681
671 654
670 680
670 666
670 691
670 676
671 691
669 665
671 671
671 687
669 686
669 689
671 684
670 691
670 687
669 697
670 653
670 687
666 657
670 730
670 668
669 725
671 679
669 563
670 681
669 698
670 696
666 672
670 679
670 665
669 683
665 694
667 708
670 679
669 689
670 689
670 694
671 657
688 689
670 678
671 688
670 698
669 677
669 669
669 690
671 668
671 715
670 684
670 690
668 699
670 673
670 692
669 678
669 708
669 654
669 689
669 674
670 697
670 661
671 689
669 663
670 683
669 694
669 717
670 678
670 699
671 693
670 691
669 698
671 670
670 685
669 659
669 646
670 657
666 700
670 651
669 709
667 693
669 694
670 675
670 679
670 701
669 686
670 678
669 671
670 683
670 681
669 677
670 668
670 683
671 650
670 706
669 676
669 697
670 655
669 708
670 685
670 693
670 667
671 724
669 676
670 678
670 665
670 664
670 684
670 672
671 696
670 665
670 686
669 661
669 686
669 678
670 684
668 679
670 694
669 670
669 683
670 695
670 666
