670 679
668 685
670 684
670 679
666 679
669 679
666 691
671 580
670 701
669 677
671 707
669 733
669 700
669 682
669 677
670 683
670 688
670 663
669 691
670 680
671 672
669 669
671 683
670 688
669 720
666 685
670 698
669 698
671 714
669 697
670 677
670 676
670 684
667 704
671 666
670 743
671 676
669 693
671 684
669 675
670 692
670 681
669 690
670 670
670 698
669 650
670 705
670 677
669 679
670 685
670 700
668 673
670 669
669 687
669 676
670 683
670 686
670 694
670 675
670 674
669 651
670 699
671 668
669 687
670 650
671 703
670 672
670 696
670 667
670 693
669 699
669 679
669 730
669 672
670 571
668 692
670 666
670 664
670 677
670 658
666 674
669 640
670 700
670 690
670 652
668 662
669 697
670 660
670 696
669 675
670 691
671 694
670 671
664 687
671 679
671 677
670 675
669 700
669 665
669 721
670 671
670 698
672 679
670 681
666 691
670 695
668 675
670 686
670 687
669 679
670 694
669 677
670 678
671 694
668 659
670 657
670 700
671 671
670 694
670 676
670 681
670 657
665 693
669 665
671 694
671 664
670 684
669 687
670 680
669 691
668 689
671 699
670 596
670 644
669 689
670 687
670 656
666 696
671 668
669 683
669 677
670 690
669 687
671 679
670 673
670 673
670 685
669 688
669 676
669 665
670 702
670 687
670 707
670 672
671 646
670 653
670 665
669 672
670 696
669 668
670 692
666 691
669 665
670 679
670 697
671 681
670 595
671 710
670 662
670 692
670 686
669 707
670 662
670 675
669 664
667 678
670 645
669 692
669 665
670 733
669 685
669 690
665 687
671 676
670 693
669 663
670 679
669 654
667 690
670 664
670 682
670 661
670 687
670 670
670 696
670 692
670 665
669 675
670 689
669 690
669 668
670 678
669 676
669 723
671 663
669 697
665 669
670 693
669 663
670 681
670 696
669 696
670 673
670 685
670 679
669 660
670 685
666 806
669 692
669 670
671 701
670 668
666 678
670 659
669 714
668 676
671 688
670 676
670 703
669 674
670 690
669 692
670 689
669 664
669 684
669 683
670 679
668 696
669 668
669 712
670 628
671 695
669 675
670 676
670 668
669 682
669 680
669 707
669 668
670 692
669 665
670 676
670 687
670 672
671 701
