70670 679
670 670
670 695
670 692
670 696
670 679
670 708
670 666
670 704
665 674
670 681
670 681
669 694
670 663
670 679
670 677
670 735
670 683
670 670
669 688
670 680
671 692
670 664
670 702
670 680
670 671
669 651
669 697
670 657
670 707
669 683
670 691
671 681
669 665
671 685
670 682
670 659
670 616
669 677
671 664
670 690
670 685
670 696
670 679
670 697
669 679
671 705
670 673
669 693
666 687
670 682
670 680
666 695
671 688
671 684
669 701
671 698
670 685
670 675
671 667
669 670
670 702
670 663
671 673
669 652
670 693
670 685
670 663
670 691
668 683
665 671
670 668
670 676
669 679
671 682
669 636
670 703
669 652
670 686
670 673
670 655
670 660
670 697
669 678
671 703
670 687
669 686
670 684
670 680
669 687
670 680
670 686
670 675
669 701
667 671
671 698
670 678
669 709
669 664
670 697
670 681
670 702
670 673
669 701
670 677
671 679
671 680
670 731
669 698
670 667
670 709
670 677
669 701
670 694
669 685
670 683
669 695
670 655
671 678
670 677
669 702
671 678
670 693
669 676
669 675
669 676
670 698
670 692
670 681
670 676
670 678
670 692
670 648
671 692
671 659
670 702
669 696
670 686
670 670
671 667
669 689
670 703
671 689
669 674
669 685
671 675
669 678
670 683
669 705
670 666
670 705
669 685
670 703
670 680
671 697
670 675
670 691
669 680
669 684
669 679
670 687
669 673
665 692
670 677
670 668
669 705
668 666
670 704
670 676
668 693
671 675
670 704
669 668
670 687
669 685
671 691
670 682
670 681
670 681
667 685
667 815
669 667
670 691
665 672
670 706
670 672
669 705
670 667
670 708
670 670
669 691
667 655
670 701
670 666
670 699
670 673
670 680
670 685
669 671
670 704
669 668
669 697
670 673
670 701
670 661
667 707
666 667
670 703
669 671
666 739
671 677
670 688
670 667
671 685
670 668
670 680
668 693
671 662
670 694
670 659
670 694
669 652
670 699
669 672
670 710
669 680
670 691
671 672
671 695
669 682
669 689
670 687
669 701
669 677
670 672
670 696
670 668
670 690
668 660
669 684
669 653
669 695
670 673
670 706
668 661
671 684
670 677
670 685
669 681
670 683
669 677
670 676
671 689
671 670
670 700
