666 1023
674 0
675 0
674 0
675 307
675 0
663 1023
675 0
674 0
674 1023
674 1023
675 0
675 0
664 1023
675 0
669 0
675 0
666 403
662 932
674 0
666 1023
673 0
669 499
664 1023
666 1023
668 1023
673 1023
676 0
676 0
666 1023
666 1023
675 0
669 1023
675 0
695 0
675 0
667 332
666 1023
674 0
665 1023
675 0
669 0
667 1023
666 1023
659 499
666 620
674 0
666 1023
674 0
666 1023
678 0
675 567
676 0
680 0
667 1023
677 1023
678 611
681 0
666 750
665 44
666 1023
666 1023
674 0
675 1023
668 1023
672 716
688 1023
668 0
672 0
668 0
675 0
675 0
666 172
669 1023
675 786
666 1023
667 844
666 589
659 1023
675 466
666 940
674 0
669 0
667 365
675 0
670 0
680 0
676 0
666 1023
667 1023
675 502
666 844
674 1023
671 0
665 588
675 1023
677 0
659 1023
672 0
674 503
666 0
675 0
675 0
674 0
666 1023
664 1023
675 0
653 108
675 1023
675 0
664 0
678 1023
684 0
674 0
671 0
666 1023
658 1023
674 546
666 1023
674 0
673 0
668 0
690 0
667 0
665 1023
675 0
665 77
666 1023
675 0
675 150
677 0
675 0
668 0
666 1023
675 1023
673 0
668 0
662 1023
674 0
658 0
668 1023
666 1023
666 1023
677 0
666 748
665 620
676 0
674 386
675 1023
665 0
670 1023
675 22
678 0
674 0
665 45
677 131
668 0
674 0
669 1023
675 0
666 1023
671 1023
664 908
658 1023
678 0
675 0
680 0
675 0
671 1023
695 0
664 1023
674 0
695 0
674 0
665 1023
669 0
663 1023
668 0
663 1023
664 45
662 1023
663 29
666 1023
667 1023
666 428
666 0
662 893
675 0
665 1023
675 0
691 1023
663 1023
676 0
675 0
680 0
664 1023
674 0
668 0
674 0
665 0
664 0
674 882
675 18
676 0
674 0
676 0
666 1020
671 0
664 1004
669 0
667 0
666 1023
666 1023
680 0
680 0
675 0
666 1023
660 0
666 0
674 0
677 0
675 0
668 0
665 0
664 0
674 1023
675 0
674 0
660 0
675 1023
670 0
666 716
674 0
674 1023
675 1023
669 1023
674 0
666 0
668 0
674 0
666 0
671 1023
671 0
672 0
680 0
662 1023
675 0
675 0
675 0
694 0
675 0
662 1023
675 0
675 0
673 886
675 870
666 397
