674 0
674 0
676 0
674 946
675 0
675 179
671 1023
666 1023
666 1023
675 0
674 0
668 0
667 1023
666 1023
671 371
666 1023
668 1023
666 300
674 0
666 1023
695 1023
677 0
674 0
675 99
665 1023
675 0
659 1023
669 0
675 0
666 1023
666 1023
674 0
666 1023
671 1023
674 0
671 823
675 0
674 0
679 0
675 0
667 1023
688 0
663 898
667 1023
675 563
674 0
664 636
675 499
674 0
674 0
675 0
690 0
669 1023
674 0
674 1023
664 838
675 0
668 0
676 0
666 1023
669 0
675 243
668 0
666 1023
666 1023
667 1023
676 163
680 0
671 0
667 1023
674 0
668 0
673 0
666 1023
668 0
675 0
675 0
675 0
669 1015
666 1023
675 0
674 0
663 204
671 851
665 876
675 0
669 1023
665 1023
668 0
675 0
675 0
675 0
680 0
674 0
656 0
666 1023
666 108
675 0
667 1023
682 588
655 428
671 0
666 1023
674 0
668 44
692 0
669 0
675 0
676 0
668 0
666 1023
674 0
694 435
671 0
666 1023
683 275
652 367
667 140
674 0
665 1023
662 1023
676 0
664 1023
674 0
663 806
679 0
670 0
666 1023
675 0
665 1023
675 0
676 0
668 675
667 1023
674 0
675 0
666 1023
666 1023
666 1023
674 0
677 0
694 0
675 0
674 0
674 0
669 0
675 0
683 275
689 1015
666 1023
670 0
675 0
650 612
674 0
666 1023
667 883
664 836
675 0
675 0
679 723
674 0
679 0
666 1023
666 1023
666 1023
668 1023
680 0
662 163
675 0
666 1023
674 0
674 0
675 0
678 0
666 268
680 0
674 0
675 0
676 0
674 0
666 1023
674 0
668 0
662 1023
678 547
680 0
666 1023
667 1023
674 0
674 0
675 0
674 0
673 0
674 0
677 0
691 435
676 0
666 1023
690 0
666 1023
667 1023
680 0
675 0
666 1023
675 0
685 307
674 0
662 1023
666 1023
674 0
680 0
667 1023
679 0
665 1023
665 1023
675 0
675 0
666 1023
673 0
666 1023
665 1023
674 0
663 1023
675 0
665 836
678 0
678 0
664 1023
678 0
667 652
674 0
681 819
676 0
666 1023
674 1023
675 0
654 44
673 0
676 0
681 622
669 0
675 211
699 211
676 0
675 179
674 0
666 1023
664 364
666 1023
666 1023
669 1023
674 0
674 0
674 0
652 204
666 172
661 1023
675 0
