670 683
670 671
669 686
670 676
667 687
671 660
670 624
668 667
669 691
669 672
669 679
670 683
671 681
669 687
670 683
670 695
670 681
670 687
670 668
669 690
669 675
669 694
665 678
669 687
670 669
669 701
670 675
669 695
670 682
671 695
671 696
670 683
669 691
670 674
670 688
670 687
670 701
670 685
669 694
668 649
670 694
669 677
670 696
669 665
670 664
670 680
668 688
668 692
670 687
670 688
670 680
668 696
669 687
670 692
671 671
671 690
670 674
669 687
670 669
670 654
668 670
670 708
671 680
670 697
671 683
670 685
670 673
669 665
670 691
672 680
670 688
671 664
671 708
669 682
669 693
670 656
670 687
670 668
670 671
669 676
670 697
670 695
670 685
669 691
670 671
667 692
670 689
670 693
670 655
669 694
669 677
670 706
668 659
671 848
670 672
669 693
670 681
673 686
670 665
670 686
669 670
670 680
670 727
669 674
670 687
671 672
669 679
670 690
670 701
669 661
670 692
670 641
669 692
669 657
668 698
670 686
667 673
671 681
669 677
669 683
670 649
670 689
670 668
670 693
670 683
671 697
669 678
675 710
670 678
670 671
670 667
670 712
670 674
670 677
668 709
669 705
669 683
670 680
670 672
671 659
670 685
670 664
671 716
670 664
670 718
669 669
671 694
670 659
669 678
670 650
670 700
670 672
669 696
670 678
670 695
670 678
670 660
670 686
670 682
668 695
670 679
670 705
670 562
670 702
670 656
670 702
670 666
671 689
670 663
669 665
670 685
670 688
670 684
670 722
670 689
670 679
670 688
669 682
670 704
669 670
670 691
670 675
671 705
670 668
670 660
670 679
670 700
670 681
669 674
671 686
670 682
668 688
671 692
670 678
669 676
670 696
670 671
670 694
668 681
670 712
670 675
670 693
665 638
670 686
670 671
670 685
670 685
670 690
670 696
665 664
670 677
669 805
668 692
670 678
670 694
669 663
680 719
671 659
670 686
667 677
670 833
670 664
669 668
670 685
669 680
670 674
669 676
669 690
671 677
670 699
667 664
668 647
670 680
669 708
670 669
670 690
669 686
665 691
669 636
670 704
670 683
670 707
670 675
670 681
670 627
670 677
670 688
670 665
670 669
671 666
670 707
665 669
671 688
670 619
670 700
