671 626
670 662
670 698
667 685
669 736
670 712
669 653
670 699
670 736
665 701
669 622
670 645
669 573
669 681
670 664
666 674
669 795
670 655
667 676
669 688
666 704
670 664
670 674
669 676
671 701
669 688
670 700
669 679
670 694
669 675
670 703
670 707
669 648
669 690
669 672
665 701
670 662
669 719
669 669
670 690
670 605
671 705
669 654
671 710
670 696
670 660
669 689
669 690
669 667
669 729
669 686
669 651
667 666
669 652
670 711
669 679
668 725
670 618
669 685
669 718
670 689
670 604
671 691
665 765
669 665
669 583
669 675
671 842
669 699
669 565
670 676
669 598
669 706
670 783
669 647
670 775
669 673
669 693
670 683
669 633
669 658
670 679
669 655
670 729
670 696
670 653
667 701
670 751
669 650
670 728
671 665
669 636
670 705
670 701
671 699
669 766
670 701
665 652
670 690
670 650
670 664
670 710
670 617
670 607
670 676
665 657
669 671
671 617
669 669
669 724
670 721
669 627
670 676
670 661
669 694
670 680
669 697
670 694
669 706
670 660
666 683
670 666
670 686
669 695
668 739
669 661
671 696
669 664
671 696
670 661
670 637
670 647
669 693
669 685
670 662
669 707
670 680
670 691
670 704
670 680
670 769
669 696
670 557
665 710
670 690
670 699
669 626
669 708
670 638
670 694
670 659
671 708
669 668
670 681
671 703
670 688
670 671
670 687
668 682
669 646
669 692
670 665
671 695
667 663
670 672
669 722
670 721
670 704
669 691
667 721
669 689
670 681
670 702
669 695
669 701
669 688
669 621
670 689
670 684
669 707
669 659
670 712
666 675
669 682
669 694
670 593
669 676
669 694
670 675
670 689
666 698
669 670
670 684
670 692
670 707
670 653
669 698
670 670
671 729
669 661
670 718
670 663
670 686
671 639
670 649
667 744
670 683
669 699
669 671
671 683
669 671
669 703
669 680
670 670
669 691
670 694
669 781
669 690
669 681
669 683
671 580
670 698
670 700
669 684
670 624
669 682
670 637
669 683
669 679
669 661
670 689
670 657
670 720
667 664
669 697
669 678
670 674
666 675
669 706
668 642
670 671
670 779
670 664
666 790
670 669
670 734
669 656
669 683
669 643
670 690
669 656
670 700
669 687
670 686
667 686
670 691
