670 709
669 676
669 669
670 683
670 677
668 693
669 669
669 699
670 669
665 703
670 679
670 695
669 661
669 708
670 658
670 683
670 676
669 706
670 666
670 693
667 631
670 679
669 679
670 686
669 686
671 678
669 627
669 660
671 703
671 668
670 704
667 671
671 696
670 667
669 661
670 665
670 691
670 654
669 695
670 676
670 683
670 677
669 637
664 686
670 677
670 700
669 685
669 698
670 653
670 768
666 676
666 702
670 683
670 677
670 668
666 703
670 672
670 676
669 683
670 686
669 667
669 658
668 688
669 667
669 791
669 681
671 700
669 644
670 714
671 674
670 701
670 677
670 692
671 685
669 667
670 723
669 669
670 650
670 668
669 728
669 642
669 692
671 652
669 702
670 666
670 706
669 661
666 675
671 677
669 722
670 669
670 692
667 657
671 822
670 693
670 675
669 681
670 676
670 693
669 671
665 707
670 800
670 715
671 650
670 593
670 661
666 702
671 674
670 715
671 661
669 693
670 680
670 673
669 688
670 668
670 691
670 668
669 709
671 695
670 703
670 684
667 703
665 682
670 686
670 690
669 697
670 683
670 695
669 690
670 684
670 693
670 687
665 687
670 664
670 682
670 685
670 696
670 670
670 692
670 648
670 696
670 682
669 702
670 679
671 690
670 667
669 684
670 681
671 693
670 670
670 674
670 692
671 659
670 719
669 683
669 706
670 666
670 700
670 659
669 690
671 680
669 703
669 686
670 676
670 683
670 688
669 695
668 679
670 815
669 713
670 715
670 671
669 702
682 698
670 698
671 676
670 674
670 687
670 698
665 683
670 691
671 695
670 678
670 683
670 686
669 656
670 597
670 688
669 666
675 692
671 668
670 717
670 650
668 677
670 664
668 700
670 662
670 697
670 660
670 696
664 687
671 675
670 682
670 681
665 674
670 667
670 707
669 668
670 689
670 681
670 707
667 676
671 699
670 670
669 701
669 676
670 672
670 672
669 681
669 691
669 684
669 687
670 679
669 691
670 669
670 672
669 670
667 693
670 674
670 702
668 667
668 683
669 550
669 683
670 679
667 696
670 681
669 690
668 674
670 683
669 687
669 678
670 687
669 656
669 704
666 654
670 691
670 659
669 688
669 663
670 650
669 694
671 695
666 687
671 691
670 677
668 697
671 667
669 682
670 682
670 670
668 702
670 607
670 692
666 658
670 708
670 673
