7670 680
671 689
669 684
670 685
669 589
669 714
668 677
670 694
670 682
665 686
671 685
669 671
670 671
669 657
670 686
670 679
666 695
670 659
670 703
670 646
666 695
667 680
669 683
669 682
671 691
670 681
670 671
670 685
670 677
670 689
670 684
670 700
670 673
670 688
670 671
670 818
671 718
670 718
670 669
670 689
670 681
670 679
670 681
670 683
669 684
670 676
669 688
670 676
670 676
671 667
666 693
670 674
670 688
670 672
670 698
670 675
670 702
670 676
667 688
670 677
670 693
670 669
669 674
669 685
670 663
669 689
669 681
670 681
670 678
669 676
669 643
670 699
670 664
669 696
670 682
670 705
669 696
670 705
670 675
670 676
670 689
669 669
669 669
670 666
670 697
669 690
670 701
671 668
670 692
669 678
670 705
670 664
669 703
669 678
670 689
670 680
669 686
667 693
666 683
669 702
670 669
670 673
670 681
671 690
670 671
670 692
669 662
670 694
669 669
669 690
671 670
670 707
670 683
670 675
670 677
669 678
668 691
671 664
670 722
670 675
666 703
671 683
670 692
670 666
667 689
670 658
670 692
671 675
670 700
670 697
670 682
670 670
669 691
669 685
669 676
671 692
669 681
669 689
670 669
669 616
669 633
670 706
670 680
670 699
668 692
670 678
669 666
669 686
670 660
670 691
670 692
665 691
670 686
670 685
669 684
665 663
670 707
669 694
665 656
669 672
670 699
669 671
670 687
667 679
670 699
669 577
669 689
670 675
666 694
669 686
665 684
667 686
670 673
668 684
669 656
670 684
669 678
669 704
669 680
670 691
670 651
670 677
668 632
670 701
671 680
666 677
670 682
671 676
669 692
669 686
671 694
670 679
670 698
670 657
671 694
670 651
670 714
669 669
670 697
669 669
667 641
671 701
670 680
665 687
665 683
671 679
670 680
670 671
669 686
670 699
670 675
669 685
669 673
671 696
670 655
670 687
669 678
670 707
670 675
670 696
665 682
670 678
670 822
670 697
669 696
669 655
670 687
671 616
669 675
669 678
670 687
669 636
670 709
670 679
670 692
668 652
671 688
670 682
669 692
670 677
670 687
669 691
670 790
669 682
669 667
670 686
669 666
665 706
670 661
671 687
670 657
670 696
670 676
670 683
666 657
