9 700
669 666
670 726
669 684
669 688
669 696
670 685
669 667

669 708
669 662
669 695
670 670
669 751
669 672
669 700
669 666
670 726
669 684
669 688
669 696
670 685
669 667
670 668
667 699
669 667
669 685
670 648
670 685
669 660
670 672
670 683
669 687
670 685
669 690
669 683
670 685
669 696
669 661
669 698
669 650
670 686
670 675
667 681
669 665
669 695
670 665
670 699
670 673
669 684
669 689
669 692
669 687
666 671
670 695
669 673
669 693
667 702
669 680
670 682
669 676
669 666
670 711
669 680
670 686
669 666
669 681
669 683
669 671
670 680
668 662
669 671
670 675
669 694
669 669
669 729
669 673
669 691
671 655
669 682
670 656
669 686
669 659
669 693
670 660
670 678
670 661
669 691
669 715
665 692
670 692
669 674
669 696
670 674
669 681
669 651
669 687
669 681
670 693
669 678
670 664
669 672
669 697
669 679
669 674
670 689
669 685
670 685
669 673
671 703
670 661
669 682
669 679
669 681
667 654
669 690
666 665
670 698
663 672
670 695
669 663
669 692
670 675
669 659
669 704
669 682
665 695
670 812
669 702
669 747
668 681
669 679
670 712
669 645
671 683
670 664
670 706
669 568
669 690
670 661
670 697
669 676
670 672
669 672
670 650
670 697
670 670
669 732
669 682
669 674
669 669
666 686
670 657
669 695
669 661
669 706
669 672
669 691
670 703
670 673
670 690
665 666
670 701
669 673
669 687
670 677
669 714
670 640
669 698
670 671
670 683
669 663
669 693
670 691
667 676
670 680
670 693
669 695
666 676
670 687
665 662
669 666
668 676
670 676
670 673
670 672
669 672
670 680
665 667
670 668
670 657
669 669
671 688
669 690
671 689
669 669
670 674
670 668
671 685
670 679
670 684
664 659
670 690
669 673
669 701
669 669
670 679
669 689
670 690
669 674
670 672
670 695
670 671
671 668
670 676
665 697
669 677
670 698
669 676
669 681
669 679
670 695
670 679
670 688
669 672
669 617
669 676
669 691
669 680
670 669
669 689
670 685
665 698
670 679
666 684
670 655
669 699
670 669
671 689
669 673
665 705
666 697
670 684
670 678
670 698
669 697
670 687
669 677
671 690
666 683
670 666
669 683
