669 676
671 665
669 681
669 663
669 711
669 677
670 693
669 677
669 715
667 668
669 693
669 672
670 677
665 669
669 676
669 688
670 676
669 660
670 678
669 707
671 679
669 687
669 652
669 697
669 678
669 689
670 671
669 713
669 665
669 701
670 675
669 684
669 687
669 668
670 673
669 665
670 687
669 672
670 702
670 672
670 707
670 654
665 711
670 674
670 702
669 687
670 687
669 672
668 693
669 672
671 694
669 696
670 673
669 696
669 673
669 675
669 670
669 576
670 667
670 697
669 675
669 698
669 672
669 699
667 677
669 687
665 688
670 700
669 697
669 685
668 713
669 689
669 683
669 677
669 692
669 688
669 692
669 670
670 678
670 689
669 690
670 663
670 695
670 662
669 669
670 662
669 738
669 688
669 680
671 692
669 696
669 699
669 659
670 702
669 668
670 712
670 680
670 691
670 666
665 687
669 672
668 681
669 671
669 671
669 694
669 605
670 688
670 685
670 693
668 668
669 712
670 695
670 697
667 680
669 594
670 658
670 681
668 669
670 687
669 678
669 683
669 695
669 664
670 704
670 719
669 693
669 675
669 682
670 666
669 718
669 663
669 700
670 678
669 718
670 682
670 691
669 665
669 683
669 667
669 679
670 692
669 686
669 689
669 671
669 711
669 663
668 661
669 647
670 678
669 674
671 694
670 644
671 693
669 670
676 685
669 675
669 682
668 672
671 676
669 696
669 673
669 710
669 643
669 702
670 667
669 700
670 685
669 704
670 661
669 694
667 673
669 685
670 673
669 688
670 675
669 680
669 649
670 670
669 682
669 670
668 701
669 654
667 693
669 669
669 580
669 664
669 677
670 669
670 671
669 676
669 681
669 680
669 682
669 710
669 678
669 683
669 671
669 688
669 668
669 698
669 657
669 709
669 695
670 671
669 651
669 678
669 672
669 697
669 681
670 695
669 738
670 667
669 688
668 678
670 702
670 672
670 709
669 690
670 680
670 620
669 704
669 665
670 698
670 673
669 684
670 679
670 697
670 694
669 696
669 687
669 680
669 691
670 684
669 693
670 668
665 714
669 672
665 706
670 664
669 681
670 662
669 698
670 661
669 683
669 683
669 685
671 701
670 677
671 703
669 659
670 695
669 666
670 689
669 663
671 668
669 681
