670 696
669 675
666 689
669 648
669 683
665 671
671 701
670 666
669 705
671 675
670 696
669 675
669 673
670 691
670 675
665 686
670 682
670 703
669 665
669 714
670 633
670 702
669 669
668 696
670 670
669 694
670 672
669 678
669 696
670 681
670 690
669 672
667 690
670 673
670 702
669 682
670 710
670 677
670 685
670 659
670 687
670 664
670 669
670 602
670 679
670 686
669 674
669 682
669 683
668 693
670 676
670 684
669 665
670 703
670 669
670 697
668 684
670 697
669 665
669 703
670 666
670 697
670 769
671 688
670 682
670 686
670 691
671 678
669 680
669 678
670 706
669 648
669 704
670 679
670 692
669 685
670 708
671 671
669 694
668 675
670 678
670 673
669 680
669 679
670 679
670 688
669 678
671 690
669 805
670 711
670 657
669 692
670 665
670 680
670 683
668 717
671 674
670 682
666 682
670 693
669 676
670 682
670 816
669 666
667 695
669 668
669 682
669 679
670 714
669 630
667 706
671 665
669 689
670 677
669 710
670 671
669 685
670 680
670 684
670 681
669 656
670 680
669 674
669 685
667 659
670 702
669 661
670 706
670 661
670 694
669 667
669 693
670 664
670 679
669 671
670 695
669 730
669 674
669 696
670 671
670 681
666 680
669 717
669 653
669 694
669 660
670 692
669 665
669 683
670 764
669 691
669 662
670 685
670 685
668 677
669 681
669 674
669 687
670 649
670 687
670 654
669 692
670 600
670 687
669 667
670 688
670 667
670 721
669 664
670 714
670 670
670 676
670 677
670 661
670 704
666 666
671 702
671 664
669 701
671 661
670 713
669 674
669 688
670 683
669 690
669 691
668 707
670 667
669 687
669 691
670 694
669 685
670 670
670 689
670 663
670 688
669 675
670 693
670 666
670 700
670 669
670 711
670 708
670 689
670 688
670 698
671 692
671 681
671 684
667 580
671 694
670 668
670 693
669 665
670 708
670 659
670 690
671 664
670 686
670 667
669 688
670 676
670 693
669 671
669 686
670 672
670 683
666 695
671 594
669 700
669 677
670 688
670 878
670 724
669 585
670 599
669 660
669 652
670 667
670 689
669 674
671 692
670 675
669 687
670 694
670 684
670 697
670 680
670 694
670 666
666 692
669 667
670 694
669 675
671 690
669 665
