670 685
669 661
670 704
669 662
669 681
669 686
670 691
669 678
670 686
669 684
670 664
669 688
670 680
670 693
671 682
669 701
667 668
670 694
670 611
669 689
670 669
670 694
670 685
670 684
669 683
670 693
667 678
669 613
669 683
670 686
669 684
671 675
669 688
669 683
669 691
670 691
669 692
669 707
669 702
669 684
669 699
670 676
669 702
670 667
669 690
670 675
669 649
669 682
669 686
670 694
669 677
666 689
670 668
670 696
669 670
669 780
670 655
670 703
670 674
669 699
671 671
669 684
670 664
669 695
669 677
669 677
669 693
669 670
666 695
669 675
669 685
669 672
669 696
670 653
668 793
670 668
669 706
669 680
666 707
669 661
668 673
670 694
669 673
669 692
669 690
670 677
669 683
669 696
669 677
669 685
670 673
669 680
669 662
669 686
669 675
669 694
669 683
669 687
670 811
668 684
669 657
670 684
670 681
666 680
669 677
665 682
670 709
669 658
669 706
668 665
669 686
669 654
671 684
669 673
669 676
669 683
669 682
669 689
670 674
669 673
666 662
669 677
670 666
670 682
668 679
670 686
673 660
669 687
669 676
670 697
669 677
670 691
665 683
669 677
666 675
669 673
669 676
671 655
669 680
669 679
669 690
671 668
669 697
669 694
669 694
671 674
669 645
669 660
670 682
667 664
669 702
669 674
670 689
667 689
669 659
666 664
670 684
670 693
669 676
669 698
669 576
669 661
670 669
667 688
670 698
669 707
670 666
667 690
669 660
667 697
671 681
669 679
670 671
669 689
670 684
669 681
670 680
670 670
665 687
669 671
670 702
669 665
670 702
670 716
670 696
670 665
671 694
669 678
670 723
671 681
669 685
669 676
670 684
669 678
670 666
670 688
666 683
669 678
669 709
669 680
669 673
669 684
669 670
669 709
669 670
669 673
669 684
669 677
669 666
669 674
669 690
670 657
669 707
670 655
670 702
670 643
669 681
668 683
670 682
668 668
669 693
665 670
670 694
665 679
669 679
669 687
669 685
669 694
671 675
666 691
669 666
669 703
669 677
667 702
669 668
669 706
670 682
670 691
670 663
667 692
671 700
669 690
669 679
670 678
670 688
669 683
670 698
669 668
667 687
669 692
669 685
670 665
669 689
670 679
670 702
