670 687
670 679
670 684
669 669
670 691
669 683
670 715
670 655
671 685
670 649
670 690
669 659
669 692
670 674
671 691
671 671
665 694
670 668
669 679
669 686
670 605
670 740
670 692
670 658
669 693
669 723
670 681
670 711
669 681
670 687
670 670
668 699
670 680
669 688
669 692
670 691
670 688
670 677
670 665
670 689
670 689
670 672
671 693
669 667
670 689
670 675
669 701
669 683
671 707
670 667
666 682
670 671
669 665
670 711
671 693
670 680
666 679
670 677
669 675
671 698
671 648
670 692
671 664
670 696
670 667
670 675
670 680
668 691
669 686
670 670
668 671
670 657
670 673
667 677
669 682
666 671
671 698
670 664
669 679
671 668
669 693
669 663
670 706
670 661
670 676
670 698
669 691
671 679
668 820
669 688
670 673
670 693
669 680
670 694
669 680
669 681
670 669
670 692
670 676
670 688
670 661
669 697
671 669
669 687
670 670
669 693
669 685
667 649
670 680
669 666
670 670
670 674
670 689
669 663
670 688
669 660
670 698
669 661
668 702
669 682
670 697
670 678
670 691
670 729
670 749
670 676
670 837
666 694
669 668
669 686
671 675
670 718
666 680
670 677
670 654
669 677
669 660
670 696
669 672
670 679
668 659
671 697
669 689
669 681
669 693
669 666
670 661
669 668
669 700
670 678
670 742
669 662
665 728
669 654
669 706
672 667
670 699
671 664
671 709
670 692
670 678
670 688
670 685
669 693
669 695
669 703
668 661
670 688
667 665
671 719
669 662
669 693
669 680
670 686
669 664
670 692
669 677
667 691
669 683
669 694
670 684
670 675
670 711
670 687
670 696
670 680
669 686
669 656
670 686
670 674
670 679
670 670
670 661
666 704
669 685
669 676
665 690
671 663
666 667
665 687
669 670
669 691
671 684
670 699
669 684
669 698
669 663
670 693
671 661
669 689
672 657
669 668
670 682
670 683
670 708
669 677
669 684
670 684
671 699
670 674
670 710
669 673
671 687
670 656
670 704
670 664
670 692
670 684
669 698
670 666
668 685
669 664
670 688
670 684
667 674
671 691
669 675
670 681
671 681
670 665
670 690
670 709
670 654
666 703
670 683
670 685
669 670
669 681
669 675
670 680
670 681
670 671
671 678
670 672
670 678
669 628
670 688
669 669
666 711
