670 672
670 693
670 676
670 565
669 675
670 672
670 694
669 682
670 706
669 650
670 703
669 664
671 696
670 673
669 689
669 659
670 689
669 675
670 699
669 673
670 688
669 697
669 684
667 695
670 682
670 687
669 682
671 704
670 671
667 695
669 663
670 708
671 666
671 681
670 665
669 600
670 676
670 674
669 672
671 682
670 684
668 680
670 688
669 676
670 684
670 663
670 690
671 652
669 681
669 660
667 696
669 666
664 688
668 680
670 688
670 674
670 679
669 680
670 682
670 679
670 675
669 700
669 668
671 697
669 680
671 708
670 666
670 686
668 676
670 699
669 648
669 690
670 683
670 678
669 674
670 689
670 675
669 678
670 688
669 797
671 697
669 680
669 681
670 669
670 698
669 674
671 703
670 674
670 690
668 674
670 688
670 676
670 683
670 696
669 685
670 672
670 675
669 592
669 678
670 705
669 652
670 719
671 661
669 748
669 705
669 698
669 666
671 693
670 664
670 579
670 682
670 692
669 683
670 656
669 681
670 674
670 711
669 663
669 693
670 649
670 706
670 671
670 694
670 675
669 703
670 692
668 722
671 674
669 641
669 686
670 704
669 689
670 655
670 673
670 660
667 691
665 662
669 679
670 674
670 707
670 663
669 698
669 622
669 672
669 666
670 724
670 671
669 676
671 623
671 670
670 692
666 686
670 680
669 689
669 672
670 664
669 714
669 650
670 707
669 665
670 713
670 688
670 692
669 686
669 697
669 698
669 639
669 700
669 677
670 689
670 670
670 693
670 672
670 701
668 671
670 691
669 665
670 690
669 684
670 689
670 681
670 673
669 678
671 692
670 645
669 668
669 697
669 661
670 686
669 664
671 704
669 652
669 734
670 671
670 712
665 563
670 713
670 684
669 697
669 687
669 697
667 681
670 681
669 687
671 685
671 674
670 672
669 689
670 675
669 702
670 665
670 703
670 667
669 696
671 667
669 698
669 682
669 697
671 672
670 685
670 678
670 664
669 712
670 714
669 701
670 683
670 698
669 674
670 681
670 678
669 686
670 679
670 698
670 680
670 673
670 674
670 688
670 669
669 670
669 689
667 715
669 701
667 667
669 704
669 660
668 693
670 663
669 699
670 678
671 685
670 680
666 685
669 674
