670 684
669 669
670 681
669 660
670 693
669 662
669 703
671 676
669 701
669 692
670 664
670 676
669 691
669 693
670 677
667 678
669 677
668 684
669 697
669 678
666 673
671 680
670 675
670 692
670 662
670 664
669 672
668 688
669 675
669 689
669 684
667 696
670 674
669 682
669 688
666 687
669 735
670 679
669 698
669 691
668 656
669 679
669 691
666 670
670 686
669 668
669 669
670 666
670 689
670 675
670 683
669 686
669 680
670 679
670 667
670 683
670 662
670 690
670 651
667 690
669 653
669 684
670 674
668 687
669 682
668 677
670 688
670 697
669 686
669 705
669 683
669 679
669 650
670 672
670 683
667 655
670 679
666 664
670 675
669 677
669 684
666 673
669 682
669 664
670 688
667 696
669 671
670 676
670 749
670 699
670 662
669 684
666 684
669 701
669 662
669 713
665 682
670 699
670 677
669 686
666 675
669 589
669 649
670 675
670 678
669 676
670 675
669 672
669 682
669 668
669 711
670 602
669 687
669 655
670 813
669 680
670 690
669 673
669 666
669 680
669 683
669 659
669 689
669 688
670 677
669 682
670 674
669 670
670 673
669 705
669 666
669 689
671 678
669 722
670 645
669 674
671 689
669 678
669 683
669 684
671 676
670 687
670 687
669 690
668 696
669 665
666 699
670 668
665 695
670 682
666 757
669 671
670 688
669 680
668 675
669 653
670 684
669 695
666 680
669 677
670 688
670 694
669 678
670 704
669 685
670 697
666 665
669 682
669 686
669 646
665 677
670 688
669 678
670 699
669 669
669 675
671 679
668 672
669 692
669 673
669 700
669 683
669 673
669 661
669 694
669 603
669 681
669 671
665 687
669 689
669 696
669 678
667 686
669 685
669 687
669 676
668 681
670 690
665 639
671 692
670 685
669 689
669 680
670 691
667 666
669 708
668 662
670 696
670 677
669 711
669 695
671 698
669 677
670 668
671 691
669 675
669 688
670 680
669 678
670 671
669 688
669 668
669 695
668 671
670 678
669 691
670 691
666 683
669 671
670 666
669 676
666 681
669 688
670 688
670 685
669 690
669 649
671 675
669 813
669 696
670 681
669 696
668 670
669 691
670 588
666 687
670 677
668 684
669 681
670 689
669 698
670 662
668 682
668 677
669 681
