670 681
670 686
669 670
669 658
670 680
670 772
669 681
670 667
669 684
670 661
670 683
670 666
671 687
670 673
669 680
670 678
669 680
669 686
669 676
670 703
670 649
669 694
670 672
671 700
667 671
669 694
665 672
671 659
665 685
670 694
667 691
671 629
664 660
670 675
669 680
669 677
669 690
669 673
669 682
671 681
669 677
669 678
670 683
668 680
667 685
670 658
670 680
670 681
669 682
670 687
670 672
670 680
669 660
667 695
669 666
666 694
669 668
665 656
670 674
667 684
669 688
670 680
669 668
671 672
670 665
670 672
669 679
666 680
669 713
670 676
669 701
669 662
669 691
669 690
671 703
669 672
670 700
668 677
670 803
669 677
669 690
667 695
669 682
669 680
665 670
669 684
669 668
669 678
669 673
670 697
669 661
670 715
670 654
669 684
670 701
669 699
669 667
669 684
669 657
669 698
670 657
669 703
669 689
669 676
670 676
669 672
670 680
669 670
669 700
669 664
670 693
669 692
670 704
670 647
669 673
669 691
670 692
669 690
670 676
670 666
667 687
669 679
670 680
669 679
668 681
669 681
670 668
669 690
668 679
670 691
669 585
669 689
669 670
669 696
669 689
669 702
670 679
669 707
669 658
669 658
667 682
669 678
671 680
670 679
669 648
670 661
670 691
669 676
666 691
670 667
668 690
669 679
669 693
668 683
669 691
670 679
669 683
670 686
669 673
669 691
669 682
670 685
669 676
669 691
669 676
670 685
667 630
670 686
669 640
670 672
669 665
669 714
670 660
670 683
669 668
669 693
669 698
669 683
669 691
670 698
669 683
669 643
664 686
670 671
669 673
670 675
669 715
670 665
670 683
664 679
670 651
666 693
669 690
669 669
669 660
670 674
669 680
669 703
670 685
669 688
669 679
665 666
669 697
669 683
669 660
669 693
670 689
669 589
670 652
665 682
670 680
669 687
669 689
669 670
670 680
669 676
670 680
665 822
669 684
669 682
670 699
669 674
669 598
669 665
669 684
669 672
670 687
669 671
670 689
669 679
670 676
669 672
670 682
669 691
670 675
670 690
670 668
669 692
669 678
669 687
669 684
669 682
671 682
669 692
669 659
670 682
670 690
670 687
669 695
669 648
670 696
669 675
669 682
