670 692
669 672
668 688
670 689
670 694
670 676
670 683
669 671
669 670
670 682
668 667
669 698
669 679
669 678
669 682
669 661
670 650
670 677
671 713
669 692
671 654
670 708
670 681
669 700
669 681
669 686
670 689
670 689
669 676
669 678
669 694
669 673
667 713
670 665
669 680
669 662
667 686
669 681
670 695
669 671
669 698
669 684
669 680
669 683
668 684
670 687
669 679
669 681
671 663
669 701
666 680
671 683
670 672
670 696
670 664
670 697
669 684
670 690
669 689
669 688
666 671
671 693
669 690
671 675
670 668
669 546
669 690
671 689
669 669
670 653
669 618
671 675
669 705
669 666
671 668
670 680
669 685
670 673
669 669
665 760
669 654
669 681
669 672
670 674
669 811
670 693
670 662
668 696
669 666
670 685
669 675
669 683
669 659
665 682
672 680
668 686
669 664
669 675
669 672
669 677
669 682
669 672
670 679
666 658
669 698
669 695
670 702
669 724
669 705
665 658
669 689
669 693
670 707
668 648
671 701
669 684
670 729
670 698
669 684
670 686
669 691
668 712
669 676
670 700
671 656
669 697
672 667
669 690
670 660
669 679
669 687
669 696
669 663
669 681
670 703
669 670
670 684
669 676
669 691
669 670
671 686
669 664
670 706
669 663
665 815
669 676
670 688
670 685
665 682
669 680
671 668
670 682
669 676
669 690
669 670
669 698
670 667
669 682
668 677
669 700
670 689
669 690
669 667
670 695
669 671
670 682
669 685
669 696
666 685
670 671
669 697
669 674
669 691
670 675
669 694
671 661
669 687
669 655
670 696
669 676
665 690
669 662
665 703
669 677
670 681
671 674
663 672
669 702
670 674
670 696
669 682
670 698
669 672
670 688
669 678
669 680
669 686
671 701
669 681
670 707
670 669
670 679
669 684
671 673
669 712
670 687
669 663
670 680
669 675
671 661
669 697
670 666
669 691
669 673
669 690
670 659
669 692
666 672
670 684
670 671
669 695
665 675
670 692
670 701
670 678
670 692
669 669
669 704
667 676
669 699
669 678
670 690
670 659
670 685
670 681
668 686
669 677
669 697
670 673
666 685
669 700
669 684
670 693
667 669
669 686
669 674
671 687
669 688
670 697
669 685
671 680
668 678
670 689
