670 685
669 706
669 671
669 691
671 670
669 689
669 681
667 686
669 658
669 705
669 674
669 693
669 668
669 676
670 674
669 678
670 681
669 683
670 685
669 678
670 695
669 680
671 698
669 669
670 707
669 663
670 692
669 664
670 662
669 679
670 688
669 671
670 678
669 681
670 670
668 683
666 677
669 691
670 671
669 694
671 658
669 688
670 681
669 686
670 664
669 701
669 684
670 689
666 677
670 698
670 679
669 683
669 677
669 672
670 690
669 669
666 695
669 679
666 693
669 675
670 693
669 666
665 693
670 655
671 685
670 671
665 691
670 677
669 691
670 695
669 676
669 668
669 678
669 694
668 687
669 697
670 672
669 691
670 692
669 684
669 674
670 697
669 663
669 661
669 679
670 661
669 573
670 682
668 680
670 682
669 686
669 680
665 801
669 656
669 681
669 685
669 681
669 692
669 706
670 674
669 703
670 685
669 685
671 661
668 689
669 693
669 688
671 679
665 689
670 694
669 672
671 687
668 682
670 686
669 682
670 706
670 730
667 674
670 669
669 688
670 706
669 690
670 591
668 690
669 687
669 680
669 685
670 642
670 574
670 677
669 691
668 680
669 684
669 666
670 701
669 661
669 701
667 658
670 685
670 662
669 677
670 685
669 676
670 667
671 657
670 685
669 673
670 695
669 674
670 685
669 671
666 696
671 671
670 670
669 675
670 682
669 683
669 696
670 681
669 692
671 689
670 685
669 652
669 674
670 696
669 671
670 687
669 670
671 702
670 670
670 692
673 671
670 688
669 686
669 691
669 677
667 689
669 668
670 682
669 695
670 683
666 681
670 693
670 697
666 663
669 696
670 665
670 690
668 676
669 685
670 654
671 683
669 687
669 669
665 686
669 684
667 680
669 699
669 685
669 683
670 699
670 675
669 707
670 682
669 683
669 653
669 696
669 677
669 694
669 673
668 689
670 699
669 667
669 691
670 683
669 688
669 611
670 667
669 685
669 680
669 671
669 694
667 685
670 682
669 674
669 675
667 681
670 688
669 664
669 663
665 688
669 685
670 681
670 683
665 707
669 686
669 676
669 671
669 697
669 653
670 602
668 675
669 692
670 576
669 693
666 676
669 768
671 693
669 686
667 689
670 688
669 689
669 565
669 683
669 670
