670 691
670 673
669 688
670 690
669 745
669 848
666 660
670 707
669 657
670 708
670 656
670 681
669 664
670 676
669 709
669 693
669 671
670 687
669 689
670 692
670 695
670 666
667 678
669 682
666 700
669 650
670 696
669 625
670 679
669 643
666 686
670 667
670 669
670 684
669 711
669 686
670 692
670 685
670 677
670 680
669 678
670 676
670 675
670 687
670 678
670 688
669 656
670 686
670 684
670 694
670 685
669 699
671 661
670 686
670 684
669 683
670 690
671 679
670 688
670 691
671 701
670 664
669 699
670 662
669 701
669 661
671 691
670 673
670 698
669 674
666 678
669 680
669 639
670 699
666 690
670 636
669 746
670 676
670 665
670 703
670 677
669 701
670 664
670 673
669 677
670 690
669 678
669 681
670 687
670 676
668 686
670 670
670 691
670 683
670 692
670 678
668 692
670 667
670 707
669 699
669 547
667 677
670 689
670 662
669 691
670 652
669 695
669 670
670 689
669 694
669 672
670 670
665 674
669 682
670 662
670 690
670 685
665 707
670 650
669 695
669 603
670 697
669 660
667 685
670 677
670 683
670 650
669 690
667 694
671 687
670 691
669 669
671 696
670 679
670 702
670 670
670 684
670 671
669 687
670 684
670 704
670 670
670 673
670 683
670 674
670 691
670 665
670 698
669 678
669 709
666 653
670 701
669 681
669 690
670 638
671 694
670 698
670 681
669 681
669 682
669 820
670 687
669 667
669 679
670 695
670 677
666 691
670 673
670 704
673 663
670 689
669 661
671 697
669 678
669 688
669 701
669 685
670 661
670 680
669 687
669 691
670 681
670 670
670 683
670 672
670 692
669 682
669 698
668 665
670 683
669 687
670 700
671 667
669 712
670 681
667 743
669 831
670 694
670 701
670 677
670 684
669 680
671 690
670 647
670 706
670 672
668 694
669 648
670 691
670 685
669 703
668 670
670 675
666 592
670 682
666 687
670 677
670 680
671 685
669 673
670 676
664 689
671 679
670 693
671 680
670 688
670 679
671 677
669 672
668 687
670 645
669 710
671 680
669 682
669 679
670 681
670 688
670 677
670 694
670 679
670 714
670 660
669 695
671 666
670 695
669 673
671 755
674 669
671 696
671 692
670 683
670 683
