670 678
670 689
665 675
666 687
670 694
670 636
670 681
669 667
670 675
669 677
669 706
670 769
669 698
670 676
669 714
670 669
670 706
669 704
669 698
670 675
670 674
670 688
671 686
670 678
670 679
670 668
669 687
670 695
670 666
671 697
670 665
670 707
670 670
667 689
670 704
670 694
671 665
671 693
670 677
670 678
670 690
671 675
669 709
671 655
670 695
670 658
670 693
670 678
670 700
670 649
670 686
670 670
670 704
669 667
670 681
670 688
671 685
669 683
670 677
670 696
670 671
670 689
668 668
669 813
670 678
670 689
670 666
670 691
671 667
670 711
669 674
670 697
671 676
669 694
669 703
670 681
671 690
670 659
669 693
670 663
670 698
670 677
670 703
670 687
670 693
670 675
668 702
670 676
670 679
670 669
670 678
670 671
669 683
668 683
669 674
670 690
668 671
670 691
669 668
669 705
670 675
670 701
670 656
669 709
669 644
670 695
671 677
670 692
670 672
668 670
671 678
669 678
671 692
670 690
665 692
670 673
669 696
669 662
670 701
670 664
670 574
665 665
670 700
669 700
670 683
669 670
670 662
669 673
670 677
670 675
670 665
669 683
670 698
670 696
670 653
670 697
670 667
671 686
669 667
669 701
671 684
670 691
670 668
665 697
669 678
670 682
670 691
669 690
670 670
670 674
667 686
671 688
670 700
670 661
669 670
670 664
670 703
670 657
669 684
670 661
670 693
670 679
665 691
667 685
671 688
669 692
669 678
671 681
669 668
670 697
665 685
671 709
669 661
670 680
671 659
670 661
670 667
670 702
670 666
670 698
669 681
669 690
670 680
670 681
670 692
670 685
671 688
669 653
669 694
669 677
670 706
669 669
670 677
670 675
670 695
671 684
670 684
665 659
670 712
670 678
670 678
668 672
670 809
670 697
670 652
670 704
671 674
670 707
669 665
670 693
670 669
669 640
670 681
669 691
669 653
670 689
669 680
669 683
669 675
670 680
671 677
670 663
669 693
669 657
667 695
669 666
670 671
669 680
670 697
670 657
670 696
670 675
669 686
669 661
670 691
667 676
669 678
669 682
670 669
669 691
