669 675
669 689
666 665
670 715
669 659
669 704
671 692
670 698
669 668
670 680
670 679
671 678
670 696
671 666
671 699
670 682
670 714
670 655
671 698
669 673
669 701
669 761
669 696
670 664
670 693
666 677
670 686
670 677
670 694
671 671
670 681
670 690
670 577
665 704
670 651
669 695
670 678
669 676
670 667
670 691
670 674
669 694
670 669
669 696
663 681
667 685
669 683
669 689
670 676
670 670
671 681
669 678
671 693
669 671
670 688
670 667
670 696
670 549
671 690
670 670
670 712
667 683
670 720
670 670
670 684
670 667
669 674
670 763
670 661
670 711
669 672
670 715
670 666
669 703
671 668
670 694
669 673
669 705
666 683
670 692
670 668
669 700
671 675
670 667
670 697
669 668
670 692
670 675
670 704
669 674
670 694
669 656
665 699
671 668
670 697
667 661
665 691
670 673
670 683
670 681
669 664
670 680
670 679
669 683
669 667
670 689
669 670
670 692
665 657
670 687
670 662
666 695
669 675
669 674
669 667
669 685
670 677
669 668
686 688
669 594
670 699
670 676
670 692
668 672
670 628
670 674
669 694
670 652
670 672
670 672
671 696
670 687
670 693
670 670
670 699
670 694
670 699
670 697
670 670
670 689
670 535
669 693
670 675
670 689
670 672
670 688
669 665
670 700
670 685
670 693
670 666
670 700
670 694
670 686
669 691
670 784
670 696
665 667
670 703
675 672
669 690
671 643
670 684
670 681
666 678
670 635
670 693
670 671
671 703
670 660
670 593
669 671
665 693
671 694
670 673
670 629
670 680
670 712
670 640
670 703
670 677
670 693
670 671
671 699
670 673
670 698
670 678
669 680
670 691
670 690
670 690
669 683
669 695
669 672
670 675
668 683
671 693
669 656
666 698
670 659
670 692
670 672
670 674
670 663
671 697
671 671
671 684
670 685
665 679
669 684
670 688
669 704
670 660
670 679
670 652
669 703
670 658
669 698
670 667
670 695
670 714
670 689
670 666
669 686
667 675
669 686
670 684
670 693
670 683
671 675
670 699
671 679
670 701
670 643
670 694
670 670
670 713
670 677
670 695
667 679
670 702
669 544
669 681
670 684
670 684
669 680
670 576
670 694
670 657
670 696
671 680
670 698
670 660
