670 690
670 660
670 682
669 661
669 686
670 672
669 677
670 674
670 686
670 664
670 668
669 686
669 666
669 700
670 659
669 730
671 676
670 706
669 670
670 698
670 686
669 696
670 686
670 672
669 682
671 676
670 681
670 652
670 702
670 667
670 694
667 671
670 719
670 668
670 700
669 677
669 672
669 657
670 702
670 666
670 686
670 683
666 679
670 681
670 689
668 691
668 660
670 677
670 680
670 688
670 714
671 707
669 677
670 706
670 677
670 704
670 683
671 696
669 679
669 666
670 679
670 682
670 726
670 668
671 701
670 675
670 679
670 661
670 688
669 657
664 690
664 676
670 679
670 595
670 696
671 670
669 687
670 669
669 663
670 809
670 672
670 718
671 667
671 698
670 660
670 707
670 660
670 706
670 665
671 704
671 669
670 681
670 676
670 698
670 695
669 694
670 674
670 717
670 687
670 656
670 695
670 652
670 697
669 641
670 695
669 671
670 685
670 677
671 709
670 685
670 679
670 692
670 664
670 680
665 679
666 695
670 656
670 698
671 664
670 701
670 661
670 690
666 666
670 652
670 681
670 696
670 665
671 690
670 686
670 709
670 657
670 682
670 686
671 664
670 683
669 679
670 683
667 688
666 708
670 679
670 701
670 665
670 697
666 672
670 697
670 677
670 688
673 687
670 687
670 693
670 667
671 694
670 670
669 702
671 655
670 718
670 677
670 680
669 662
670 708
670 652
670 602
670 666
670 680
670 687
670 671
667 692
671 678
670 676
670 662
665 668
670 658
669 699
669 661
671 732
671 678
669 699
670 652
669 688
670 671
669 706
671 676
670 681
670 681
669 680
670 689
669 680
669 683
670 674
670 701
667 665
670 684
671 679
669 688
669 660
668 706
671 672
670 704
667 683
670 694
670 556
668 694
671 692
670 681
670 709
670 698
666 682
669 675
670 710
669 662
670 709
670 679
670 697
669 681
670 707
671 673
669 696
669 686
670 690
670 701
669 663
665 640
669 682
670 687
669 667
670 695
670 665
669 701
670 676
670 696
669 665
670 699
670 663
670 587
669 687
671 678
670 689
