670 666
670 732
669 669
670 691
670 656
670 694
669 669
669 689
670 673
670 698
670 681
670 698
667 664
671 698
669 679
669 677
671 675
669 693
667 694
669 667
670 584
669 684
667 686
668 665
672 691
669 670
670 697
670 653
670 693
669 686
670 693
670 687
670 683
670 681
669 682
670 683
669 678
668 686
669 664
670 682
669 671
671 702
670 651
670 681
670 669
669 700
670 669
667 708
670 677
670 675
669 670
669 692
671 685
670 674
670 691
670 672
671 683
670 673
669 695
670 682
669 676
670 666
669 698
667 697
670 704
669 666
671 688
670 672
670 687
670 662
669 681
670 685
669 676
669 680
668 694
669 694
671 668
667 703
670 667
670 713
669 672
670 696
669 668
671 685
669 635
670 702
670 686
670 670
669 689
670 677
670 680
667 663
670 680
670 660
670 684
670 677
671 709
670 656
670 693
670 672
670 697
670 639
669 688
669 683
670 685
670 688
670 663
671 687
670 674
670 680
669 671
670 709
670 678
669 691
669 761
670 690
669 682
670 702
670 663
675 694
670 656
670 692
670 670
669 690
667 684
670 667
670 745
665 640
670 712
670 666
670 697
672 668
670 680
670 659
670 700
670 672
671 703
669 659
670 695
670 718
671 698
670 692
670 672
666 685
670 676
669 706
668 683
668 697
664 676
670 709
665 664
671 696
669 659
670 705
670 669
670 673
669 664
670 686
670 693
670 688
667 677
671 679
670 691
670 694
670 662
671 669
670 697
669 678
670 696
669 659
670 707
670 683
671 693
670 665
670 691
669 676
667 701
670 681
670 684
666 700
670 675
665 688
669 566
665 692
671 674
670 704
670 671
668 702
670 555
670 695
666 671
671 689
670 674
670 667
669 691
670 692
669 680
670 681
670 685
669 662
670 728
669 666
670 669
670 669
670 720
670 656
671 727
670 691
670 692
670 680
670 681
669 676
670 687
670 688
669 665
670 692
669 667
670 688
670 657
670 693
670 684
671 684
670 682
670 707
669 691
670 697
669 656
668 694
670 667
670 727
670 677
669 695
670 683
669 671
670 685
668 692
670 699
670 662
670 664
670 655
670 694
669 649
670 692
670 655
670 697
667 675
668 693
670 690
670 817
670 682
671 677
670 694
666 664
670 704
670 673
670 694
670 672
671 711
