669 666
670 713
669 687
670 684
670 681
669 688
670 670
669 683
667 680
670 667
669 768
666 683
669 685
670 665
670 686
669 660
670 688
669 681
671 688
670 679
670 687
670 650
671 690
669 649
670 668
670 684
669 688
670 694
670 687
670 704
670 655
670 695
669 675
668 701
670 659
669 687
669 675
671 827
670 666
669 709
670 682
670 671
670 676
668 691
667 690
670 672
669 692
669 679
670 869
669 687
670 706
670 655
670 701
670 690
669 710
667 673
670 690
669 685
669 696
670 679
669 649
670 684
671 664
669 689
670 777
669 711
670 683
669 710
670 671
669 715
671 665
670 689
670 660
671 699
670 667
670 694
666 675
671 681
670 675
665 560
665 675
670 684
669 675
670 645
670 720
670 678
669 713
669 665
672 714
669 660
665 570
669 673
669 686
669 677
669 681
671 666
670 678
669 687
670 677
670 708
669 667
670 764
670 672
670 699
670 661
670 717
670 577
670 691
670 662
670 694
670 640
669 577
669 669
671 689
670 687
670 678
670 682
671 660
670 697
671 671
671 708
672 660
670 690
667 686
670 702
669 658
671 693
669 596
669 704
670 679
670 672
668 675
670 657
670 699
670 677
670 695
670 669
669 685
666 679
670 686
670 646
669 740
671 659
670 706
666 665
668 698
671 663
671 698
670 694
671 684
670 690
669 677
670 679
672 672
670 684
669 675
670 718
670 652
670 709
670 683
670 702
670 670
670 710
670 665
670 599
670 683
669 702
669 675
671 682
670 672
670 709
670 695
670 625
670 692
665 671
670 666
670 677
669 711
670 655
670 694
669 659
668 792
670 687
670 684
670 674
670 690
671 677
670 681
669 694
670 680
666 687
669 671
670 701
670 677
669 684
670 661
670 685
670 700
669 704
670 669
670 695
670 677
670 686
670 671
670 687
670 683
670 659
666 707
669 671
669 772
669 668
671 698
670 671
670 691
667 688
671 694
669 668
670 688
671 667
671 697
670 676
669 686
669 683
670 657
670 686
670 677
670 692
671 664
669 686
670 669
670 707
670 669
666 705
671 680
670 697
670 665
671 690
670 657
670 697
670 686
670 695
669 686
669 665
670 699
670 680
670 675
669 668
670 694
670 660
670 696
669 671
668 717
670 654
670 695
668 679
671 691
