670 673
671 695
669 668
670 695
669 672
669 692
671 676
670 688
670 685
670 689
670 695
670 678
670 688
670 653
669 690
669 615
669 702
668 671
670 691
670 677
670 701
671 701
670 646
669 668
670 702
671 683
669 681
670 704
672 679
670 691
669 668
670 696
670 677
670 690
669 582
670 679
670 665
670 705
670 666
670 691
669 678
670 691
669 682
669 690
669 676
669 690
666 741
670 665
669 693
669 662
670 693
671 669
670 691
670 667
671 700
669 670
671 840
671 680
670 694
668 665
670 700
670 681
669 684
670 685
670 669
670 676
670 680
672 696
670 674
670 688
671 618
670 704
669 676
666 696
669 662
670 681
670 666
670 698
670 670
670 680
670 689
669 655
670 691
670 658
666 692
666 661
670 694
670 684
670 711
671 668
670 678
669 687
671 680
670 681
669 684
671 676
670 690
668 681
670 674
670 547
670 673
670 694
670 675
671 666
669 671
669 679
669 680
670 696
670 690
666 677
667 667
669 689
670 675
671 717
667 678
669 686
669 682
668 677
671 684
669 690
669 696
671 673
669 701
670 695
669 699
669 654
670 695
669 665
669 704
669 674
670 683
669 684
670 787
670 682
669 686
671 702
670 684
669 706
669 677
669 698
670 670
670 706
670 658
671 709
669 743
669 680
665 675
671 706
670 685
670 703
670 677
670 690
669 682
669 689
671 699
669 680
670 692
670 662
671 757
670 685
669 699
670 662
669 688
670 665
666 702
670 674
670 658
669 679
670 696
669 688
670 820
672 672
671 662
670 686
669 681
670 687
670 659
670 703
667 679
670 688
670 680
669 704
670 666
670 680
669 672
669 679
670 671
670 687
669 696
669 678
670 691
670 680
670 695
670 667
670 680
669 665
671 692
670 654
670 701
670 654
671 682
670 670
670 690
670 671
669 684
669 688
670 692
668 686
670 682
670 694
670 673
671 693
670 661
667 691
670 673
670 696
670 661
670 686
665 682
666 672
669 674
670 750
670 667
669 668
670 660
671 667
670 706
670 676
668 697
670 671
670 705
669 673
670 695
670 713
670 706
670 682
670 688
670 674
670 703
669 683
670 685
670 682
671 677
671 683
670 684
670 589
670 670
671 699
670 673
670 699
670 668
670 702
670 671
670 689
670 660
