668 687
670 672
670 694
669 676
667 682
669 671
670 696
670 679
669 675
669 683
669 590
669 690
670 674
669 681
670 672
669 683
670 667
669 694
669 654
670 675
670 690
669 692
670 661
670 710
670 681
670 680
669 676
670 679
669 683
670 673
670 697
670 663
665 680
669 676
669 681
669 679
667 668
670 680
669 698
670 663
669 677
669 677
669 657
670 686
669 683
670 689
669 688
670 692
668 666
670 679
669 671
669 697
667 662
670 708
669 675
670 701
665 653
669 697
669 661
670 690
669 667
669 701
669 732
669 676
665 682
670 707
669 655
669 680
669 712
670 687
669 655
670 683
666 666
670 693
669 662
670 681
669 678
670 680
669 680
669 550
669 704
670 680
669 680
670 682
669 665
669 744
669 668
670 689
666 681
670 658
665 657
670 703
666 665
670 718
669 707
670 692
670 680
669 663
669 704
670 666
666 692
669 640
669 702
671 691
666 712
669 687
666 705
671 651
668 659
670 625
670 692
671 672
670 616
670 676
669 668
670 697
670 694
669 675
669 660
665 687
669 663
665 666
669 642
669 710
669 654
670 694
669 715
666 736
669 691
665 666
669 694
667 691
669 689
669 677
669 651
670 662
669 675
670 695
669 702
671 657
669 689
670 687
670 684
669 676
669 673
669 665
670 687
669 666
669 671
669 707
669 686
669 648
670 658
669 703
669 670
670 736
669 700
670 673
669 649
670 694
670 676
670 693
669 684
669 689
670 674
670 653
669 671
669 701
669 694
670 693
669 685
670 692
669 734
669 705
670 691
670 751
669 683
669 668
669 747
665 673
669 686
665 655
669 683
669 678
670 676
669 676
669 660
669 676
670 671
669 672
669 682
667 678
669 702
667 682
670 683
669 654
669 663
669 690
670 670
669 671
670 684
670 683
669 678
670 683
669 718
669 677
669 700
667 689
669 818
669 676
670 679
670 676
670 693
669 662
669 686
670 676
669 723
669 669
669 691
667 681
669 716
666 669
670 677
665 674
669 683
669 680
670 679
669 692
669 681
669 685
670 678
669 695
669 671
669 672
669 682
669 692
669 696
669 704
670 690
669 683
670 678
669 667
670 683
669 678
669 605
670 678
669 690
669 675
670 689
669 661
671 679
670 684
670 681
669 665
