670 671
669 690
669 642
669 688
670 668
669 695
670 675
669 690
670 687
669 680
669 677
669 690
670 686
670 681
670 689
669 630
669 693
669 661
670 685
669 684
670 698
669 679
670 676
669 684
668 687
669 690
671 687
669 660
670 678
669 680
666 679
670 687
670 666
669 693
669 679
669 697
669 673
669 696
670 665
669 695
668 685
669 687
670 681
670 675
670 675
670 680
669 684
667 686
666 697
670 677
670 680
670 669
669 697
670 666
669 703
669 666
669 694
669 654
670 685
669 662
670 680
671 644
669 651
669 689
670 799
666 723
670 675
669 665
670 700
670 708
671 637
670 692
670 587
670 695
670 667
669 658
670 578
669 694
670 663
669 681
670 675
669 694
666 679
669 706
669 667
669 681
670 693
669 690
669 646
670 649
669 686
669 657
670 686
669 691
667 728
670 659
669 698
670 668
669 701
669 683
668 701
670 677
668 659
669 610
669 689
669 678
669 648
669 703
669 665
669 685
669 664
669 693
669 670
670 664
670 654
669 673
671 673
670 694
671 670
669 680
670 682
669 668
671 675
670 684
670 673
670 680
670 709
670 673
670 695
669 682
671 660
669 674
665 692
669 677
669 671
669 644
669 688
669 680
670 717
669 626
670 673
669 690
671 675
669 683
669 663
669 670
670 584
669 699
670 686
670 705
669 667
669 671
669 680
670 692
668 660
669 699
669 697
669 681
665 676
670 707
669 677
670 671
666 684
669 688
669 677
669 662
665 674
670 677
666 656
669 696
670 687
670 681
669 680
669 655
669 667
670 705
666 683
670 699
669 692
671 678
669 676
671 656
670 678
670 709
670 670
670 697
669 662
670 671
669 658
670 668
669 676
671 685
669 675
669 674
669 687
670 688
669 698
669 697
669 692
669 631
669 692
669 662
669 685
668 676
669 691
670 688
669 687
669 651
669 702
670 676
669 658
670 664
669 667
670 691
669 667
669 700
669 662
671 699
668 670
669 612
669 677
670 690
669 679
669 701
670 668
670 687
669 684
669 678
666 682
670 673
666 709
670 668
669 697
670 680
669 816
670 674
669 700
669 671
669 696
670 672
669 686
670 686
669 700
670 682
670 688
670 687
669 671
669 693
669 661
670 685
669 655
669 695
669 669
669 685
669 671
669 686
665 662
