669 694
671 667
669 686
669 661
669 690
669 672
669 687
670 681
669 685
665 798
669 677
670 678
669 675
665 687
669 669
670 700
669 669
670 691
669 691
669 694
669 662
669 693
669 679
670 692
669 666
670 689
669 708
670 682
669 671
670 698
669 688
670 674
670 683
665 671
669 680
669 677
670 688
669 677
669 710
670 672
669 680
668 686
669 701
670 681
670 683
666 688
665 690
667 679
670 679
669 689
669 695
669 665
669 654
669 696
670 684
669 750
669 643
671 691
669 654
669 692
669 673
670 698
669 684
670 673
670 670
669 699
669 680
670 686
670 693
670 690
670 692
670 684
669 660
670 716
669 691
670 672
669 664
669 680
670 717
670 679
669 704
670 687
669 691
669 699
670 650
670 680
670 662
669 704
669 649
670 696
669 688
670 681
670 668
670 703
670 674
667 688
670 676
669 678
670 653
667 680
670 691
669 647
669 690
666 668
669 687
668 681
665 690
670 675
669 702
669 654
670 702
669 705
670 712
669 663
671 681
667 679
669 677
669 692
671 694
669 696
669 668
669 686
671 683
669 697
669 651
665 688
671 684
666 705
671 688
669 703
670 693
669 701
670 686
669 706
671 723
669 680
670 672
669 713
670 680
670 666
669 701
669 649
671 677
667 667
670 704
670 632
670 700
669 665
670 693
669 677
670 678
670 683
671 688
669 677
686 671
669 672
669 682
669 683
669 697
669 698
670 675
669 829
672 700
669 686
670 662
669 654
669 696
669 672
670 693
670 648
669 686
670 696
669 695
670 669
669 677
670 680
670 695
670 654
669 691
669 663
669 682
668 663
669 685
669 670
665 691
669 686
669 698
669 679
669 686
669 684
669 701
670 681
669 692
670 679
669 681
670 669
669 664
670 659
669 705
670 701
669 698
670 717
669 686
670 683
669 684
670 695
669 669
670 689
669 686
670 686
669 686
670 706
669 695
671 675
669 678
670 692
669 668
671 646
669 690
669 677
670 698
667 681
670 684
669 677
670 684
670 692
669 678
670 670
669 700
669 691
669 670
670 693
669 647
668 694
670 669
670 690
670 689
669 689
669 666
670 684
670 688
668 672
670 663
670 680
670 675
667 678
670 689
671 670
670 682
670 672
670 705
669 690
669 701
667 667
669 667
669 670
670 699
667 668
669 681
