669 684
669 690
669 674
668 679
669 675
669 694
669 633
665 691
670 690
665 690
670 680
666 679
669 691
669 685
669 698
665 786
669 688
666 667
669 695
668 661
669 683
669 660
670 693
669 669
669 690
669 668
671 688
665 667
671 683
669 683
671 682
670 686
670 692
670 685
670 675
669 688
669 666
669 689
670 674
669 687
670 674
669 689
669 685
669 665
669 688
669 688
670 698
666 688
670 672
669 689
670 688
669 690
669 688
669 661
670 693
669 678
670 697
669 674
670 687
670 679
669 692
669 690
670 718
670 689
671 715
670 685
670 677
669 671
670 799
669 670
669 666
669 703
670 673
669 673
670 690
669 714
670 646
670 685
671 672
669 675
670 696
670 692
670 673
670 661
669 680
670 690
669 700
670 650
670 698
669 675
669 712
669 704
669 714
669 675
669 686
670 657
669 681
670 670
669 702
671 683
669 687
669 709
670 675
671 668
669 656
669 692
669 676
669 654
669 665
669 686
670 671
670 615
670 696
670 701
669 668
669 691
669 678
670 666
669 657
666 675
669 687
670 602
670 679
665 640
669 675
669 664
669 682
666 624
670 679
670 675
669 689
669 653
669 691
670 641
669 676
670 691
670 693
671 675
665 676
669 680
669 666
669 680
670 666
669 708
670 667
669 701
669 678
669 708
669 661
672 682
670 679
670 704
670 672
669 688
670 682
669 682
669 682
669 610
670 733
669 659
670 680
669 647
669 706
670 661
665 680
669 665
669 676
670 694
670 710
669 666
670 665
669 658
669 687
670 687
670 678
669 676
670 652
670 682
670 669
668 685
670 678
669 690
670 672
669 687
669 674
669 670
670 654
670 702
669 670
669 680
670 659
669 687
670 693
669 678
670 677
669 676
669 667
669 683
669 702
669 596
670 690
670 681
670 698
669 683
670 678
669 668
670 698
670 681
670 690
669 665
670 680
669 700
670 674
669 698
670 679
669 715
671 670
670 682
670 684
670 692
669 663
670 678
669 673
669 682
669 684
670 675
670 684
670 678
669 688
669 665
670 690
670 603
666 684
670 667
669 702
670 677
668 696
669 668
670 694
670 687
665 679
669 684
669 680
670 665
669 673
670 679
669 696
670 686
669 680
669 676
670 677
669 695
669 680
669 677
669 654
