69681 1021
669 1023
674 0
674 731
668 0
675 251
665 1023
676 0
666 0
674 331
674 0
675 907
677 187
667 1023
675 0
668 0
696 1023
674 0
662 357
664 0
677 1023
660 1023
662 589
674 0
666 557
662 1023
666 260
674 0
664 453
667 0
667 1023
665 260
668 1023
677 667
674 411
675 0
674 0
664 1023
664 1023
667 1023
674 0
668 1023
673 0
653 1023
666 1023
674 0
671 91
668 0
674 0
670 0
677 699
667 621
668 941
677 475
649 1023
664 0
674 0
676 0
691 0
670 1023
669 523
668 0
674 0
678 1019
668 0
675 0
674 27
679 0
667 1023
670 1023
666 0
681 731
669 1023
671 0
676 0
676 0
676 283
676 0
677 1023
666 1023
675 0
677 1023
666 525
673 1023
651 1023
699 0
675 0
664 0
665 0
677 1023
675 283
674 0
676 443
676 0
671 1023
666 941
668 1023
670 1023
676 0
669 1023
674 0
668 1023
665 397
679 1023
674 0
666 0
669 0
669 0
669 1023
674 0
675 0
666 0
676 1023
675 0
664 0
663 1023
667 0
676 1019
667 246
669 1023
668 0
669 0
678 1023
669 0
670 1023
674 251
676 1023
675 0
674 731
666 0
677 763
665 1023
665 0
661 637
668 0
674 0
674 0
666 36
667 0
667 525
664 1023
676 0
676 283
667 0
666 0
666 0
669 0
665 0
670 0
702 0
652 1023
681 1023
674 651
675 0
690 891
668 1023
673 923
668 84
666 0
674 0
665 0
669 1023
665 1023
669 0
666 228
667 502
670 1023
659 1023
674 0
670 484
667 260
667 1023
668 0
665 0
669 1023
658 1023
674 459
675 987
659 0
672 1023
671 0
693 1023
684 1023
667 0
668 196
649 829
669 1023
665 0
666 0
680 1023
669 1023
674 539
664 1023
676 971
670 0
674 667
668 0
665 0
671 1023
675 1023
669 1023
668 0
674 91
675 0
668 709
665 0
669 0
682 0
665 0
666 1023
674 0
674 0
674 315
674 202
663 1023
670 0
657 1023
666 1023
670 1023
667 0
675 0
674 187
666 0
669 0
671 1023
675 1023
671 0
669 0
674 0
667 0
674 0
666 109
674 0
674 0
678 0
669 1023
675 0
691 1023
666 1023
677 411
665 941
674 0
672 0
679 731
674 0
674 0
678 459
662 5
693 1023
669 1023
669 1023
678 891
678 1023
666 0
667 0
671 283
668 0
