665 1023
675 0
676 0
674 0
678 467
673 0
666 1023
675 0
666 1023
674 0
681 0
675 0
675 0
674 0
674 0
677 718
668 755
676 0
670 643
677 0
674 0
674 0
675 0
665 1023
669 452
670 0
670 639
674 0
667 300
675 483
676 0
666 1023
666 1023
666 1023
673 0
675 0
670 803
666 780
696 0
675 0
674 0
674 0
667 1023
666 1023
694 0
675 0
674 0
665 1023
670 0
666 1023
662 1023
666 1023
674 0
680 403
674 0
674 0
675 0
674 0
664 1023
665 1023
667 1023
665 1023
675 0
665 92
675 978
674 0
675 0
666 1023
667 1023
675 0
675 819
671 179
666 996
669 0
666 1023
666 0
665 524
666 1023
665 1015
667 1023
665 0
668 0
658 0
666 1023
685 1023
675 131
674 0
666 1023
675 147
665 1023
667 1023
665 620
666 1023
679 0
666 301
674 0
666 1023
671 1023
660 0
667 1023
681 0
666 1023
690 1023
675 0
670 1023
675 0
674 0
674 0
665 1023
669 1023
658 994
676 0
675 227
666 1023
674 0
665 429
674 0
674 0
675 722
667 1023
678 0
693 0
666 1023
694 0
666 1023
673 0
675 0
658 636
670 0
648 0
679 0
669 0
666 1023
667 1023
672 0
673 0
666 172
673 0
670 1023
678 0
669 0
668 0
669 0
694 0
665 300
673 99
664 780
670 0
677 0
673 0
666 1023
666 1023
668 12
674 0
662 1023
665 493
673 0
674 0
675 179
674 0
671 1023
663 124
674 0
664 964
670 1023
666 1023
661 1023
703 1023
662 0
659 1015
665 1023
667 1023
665 780
675 0
667 1023
675 0
652 0
701 1023
676 12
674 0
668 524
663 1023
673 1023
665 1023
665 1023
674 0
666 1023
674 627
659 1023
665 0
666 1023
664 764
664 0
694 0
673 0
674 0
675 547
676 0
674 0
674 0
674 0
651 0
666 460
667 0
666 109
676 0
661 1023
667 1023
670 1023
674 0
675 0
667 492
678 0
669 1023
675 0
666 1023
665 300
666 300
672 866
674 0
666 1023
674 994
675 0
675 0
675 722
674 0
670 0
677 0
675 0
668 0
665 1023
664 0
675 594
666 204
675 0
668 1023
666 525
664 1023
674 0
665 1023
670 0
664 0
662 1023
675 823
666 876
673 0
666 0
669 0
666 876
680 0
675 0
666 1004
674 0
675 690
