666 1023
674 0
678 0
674 0
667 1023
664 836
673 0
675 0
654 140
676 0
677 563
674 0
668 0
666 1023
675 0
674 0
673 0
665 1023
666 1023
670 588
666 1023
666 1023
681 0
666 1023
673 0
665 1023
666 1023
676 0
669 1023
674 0
662 1023
651 236
684 0
666 932
666 846
670 0
667 1023
674 0
674 0
669 1023
661 1023
666 236
665 1023
668 1023
669 147
672 0
675 695
673 0
674 0
675 0
666 1023
675 0
673 0
675 0
670 364
675 0
667 1023
669 1023
673 0
674 0
644 173
678 0
674 0
675 0
674 0
666 1023
674 0
673 539
674 0
665 1023
665 1023
675 0
665 1023
667 1023
674 0
666 1023
671 750
667 1023
674 0
667 1023
663 1023
673 748
675 0
665 622
672 0
665 1023
669 1023
668 883
674 0
666 1023
669 492
666 1023
675 0
674 0
666 947
674 0
670 12
674 0
666 1023
658 708
677 0
666 1023
674 0
666 1023
689 0
666 1023
674 0
669 691
675 0
675 0
667 1023
666 1023
667 1023
674 0
674 0
660 1023
669 0
687 0
675 0
675 0
666 1023
663 1023
667 563
678 0
674 0
675 0
670 0
674 0
675 0
676 0
675 0
669 0
669 867
677 0
669 739
668 563
690 259
665 1023
664 1023
667 531
666 1023
674 0
670 0
679 467
675 0
666 1023
676 895
671 0
666 1023
666 1023
676 0
674 0
674 0
675 0
666 396
664 1023
668 739
665 1023
675 0
674 0
674 0
671 0
680 0
666 868
673 0
664 1023
674 0
673 0
674 0
666 1023
668 0
674 0
668 1023
676 0
675 0
666 1023
674 0
690 307
700 243
667 1023
664 420
673 0
675 0
658 580
675 0
666 868
666 1023
690 0
674 0
675 0
667 894
662 1023
667 1023
676 0
673 0
631 0
673 0
675 0
675 0
666 332
675 0
666 1023
675 0
666 1023
666 964
675 0
674 0
678 0
676 0
666 1023
671 0
675 0
674 0
675 0
672 676
666 1023
676 0
673 0
671 0
677 0
674 0
667 1015
669 1023
665 179
677 0
677 0
649 708
676 0
675 0
666 1023
670 0
665 1023
670 659
666 1023
666 1023
674 694
667 1023
675 0
674 0
676 0
666 1023
678 0
666 1023
666 1023
662 1023
667 1023
666 1023
670 0
675 0
665 995
675 0
666 1023
670 691
675 0
676 0
665 108
674 0
680 0
669 931
675 0
