7
670 673
670 706
669 672

669 650
669 699
669 634
670 713
670 681
669 697
670 676
669 690
669 690
669 736
669 697
670 673
670 706
669 672
669 697
672 667
669 703
670 687
670 690
670 678
667 681
670 700
670 678
670 696
670 599
670 693
670 676
670 701
670 647
669 707
670 662
671 689
669 643
669 826
671 667
670 687
669 681
670 683
669 678
671 684
670 666
669 675
670 689
669 672
665 706
670 665
670 711
670 656
670 708
670 689
670 692
669 681
671 699
670 693
670 688
670 680
670 679
670 688
671 676
671 690
669 676
670 724
670 680
670 682
670 671
671 720
670 653
670 706
670 677
670 704
670 678
671 688
670 685
670 685
670 685
670 680
670 685
671 675
670 714
669 670
669 699
670 657
670 708
670 680
670 669
667 655
669 698
669 683
670 700
670 670
665 693
670 673
670 680
671 685
671 613
670 688
670 673
667 697
670 675
669 722
670 666
670 695
670 677
670 680
665 670
670 699
670 668
670 700
667 672
670 706
670 693
666 677
670 664
670 687
668 586
671 671
670 645
669 672
665 727
670 671
670 693
669 658
670 692
670 681
670 692
669 671
670 691
669 666
670 685
669 695
669 679
670 686
669 662
671 720
671 668
669 685
670 680
670 706
670 673
670 713
668 663
669 696
670 683
671 689
669 673
670 685
669 675
670 688
669 690
665 671
670 685
670 676
670 716
669 662
666 705
669 717
670 693
670 668
671 692
670 668
665 696
671 667
672 683
669 687
671 682
670 694
670 677
669 706
671 679
670 704
670 642
670 703
669 633
670 653
670 668
671 697
669 686
669 699
669 675
670 679
672 677
670 684
671 692
669 653
669 705
670 656
670 694
669 657
667 687
669 665
670 704
670 694
670 690
670 667
670 703
669 655
670 703
670 666
669 700
670 671
671 687
670 693
669 675
670 691
670 663
669 673
666 658
670 695
669 652
669 699
670 679
670 689
670 653
671 710
671 672
669 697
670 686
671 680
670 674
670 673
669 674
670 680
670 708
670 671
670 691
671 672
669 703
670 664
670 699
669 682
671 717
670 662
670 699
670 670
670 689
670 677
669 668
670 675
669 678
670 679
668 666
668 691
669 682
670 684
670 672
670 693
670 639
670 682
670 674
670 701
670 649
