670 686
671 682
670 696
669 662
668 696
671 671
669 699
670 657
670 683
670 678
670 694
670 679
670 689
669 680
669 684
669 680
671 682
670 684
669 676
672 690
670 677
670 717
669 670
670 688
670 665
670 695
667 632
665 695
670 654
670 716
664 678
670 690
670 666
670 688
670 689
670 673
670 705
669 679
668 706
670 638
670 711
669 712
669 682
670 670
670 692
669 675
670 690
669 673
669 689
669 686
670 686
670 678
670 682
669 691
670 672
669 710
669 671
670 699
669 677
669 707
670 675
669 692
671 662
669 706
666 681
670 675
670 672
669 703
670 680
670 681
669 689
670 684
670 690
670 669
670 701
669 683
670 701
670 678
670 703
669 677
670 665
670 667
668 683
669 669
671 684
670 658
670 677
670 704
670 680
670 686
665 671
670 679
669 657
669 722
668 647
670 703
669 665
667 695
670 675
670 689
670 685
668 691
670 683
670 676
669 680
671 658
669 682
670 680
669 691
670 669
669 694
670 672
670 705
671 649
670 700
670 654
669 704
669 689
670 699
670 654
669 696
671 659
669 663
670 700
665 692
669 681
670 674
669 746
670 673
670 703
670 672
669 722
666 673
668 680
668 678
665 685
669 688
670 664
670 684
670 687
669 682
670 684
669 684
671 677
670 734
670 678
669 691
670 662
670 689
670 667
670 685
670 677
670 684
670 660
666 687
669 645
669 700
670 668
670 697
670 684
669 685
671 693
665 674
669 699
670 664
670 706
665 676
671 711
670 674
670 696
669 667
669 699
669 659
666 695
671 679
671 672
670 663
670 696
670 688
669 664
666 672
669 675
670 698
669 665
668 695
670 672
670 707
670 672
670 820
670 675
670 680
670 670
670 727
670 675
670 685
668 689
670 687
669 691
670 672
669 700
670 660
668 717
669 649
670 699
669 676
670 692
669 666
671 685
670 683
670 698
670 683
669 681
669 676
670 676
670 683
670 675
671 695
669 663
670 703
670 660
670 692
669 554
670 685
670 676
669 694
671 676
666 690
669 691
670 676
669 681
670 686
669 677
670 667
669 678
670 662
669 684
668 666
671 706
671 683
669 692
670 662
670 693
670 668
666 812
669 669
669 691
669 670
670 676
670 689
670 668
670 696
670 669
670 682
670 670
669 758
