700 0
700 0
664 1023
700 0
650 1023
700 0
675 0
700 0
652 1023
697 0
700 0
700 0
651 1023
651 1023
680 0
653 27
651 1023
700 0
651 1023
651 1023
700 0
658 1023
700 0
651 1023
701 12
651 571
652 1023
700 0
700 0
677 0
656 1023
711 0
665 1023
658 0
650 1023
700 0
650 1023
650 1023
701 0
651 1023
697 0
704 294
700 0
700 0
700 0
650 1023
700 76
651 1023
663 1023
680 0
650 1023
647 1023
649 1023
700 0
700 0
701 0
700 0
700 0
700 0
701 0
651 1023
700 0
650 1023
699 0
690 0
699 0
697 0
700 0
670 838
656 731
700 0
668 403
673 0
651 1023
700 0
697 0
701 0
701 91
651 1023
671 0
670 1023
652 1023
701 0
700 0
652 1023
651 1023
699 0
659 1023
656 819
670 638
700 0
651 1023
651 1023
700 0
698 252
667 0
668 1023
701 0
670 1023
701 0
693 0
650 1023
652 1023
700 0
651 1023
701 0
700 0
700 0
650 1023
702 0
701 0
664 1023
695 0
649 1023
651 1023
651 1023
663 1023
699 0
671 1023
704 0
653 1023
670 0
701 0
652 1023
651 1023
661 1023
700 0
699 0
700 0
700 0
651 1023
701 0
699 0
651 1023
652 1023
651 1023
651 1023
701 0
700 0
700 0
650 1023
700 0
662 1023
702 44
651 1023
698 324
674 846
650 1023
699 0
651 1023
668 1023
700 0
699 0
688 0
635 243
700 0
669 806
651 1023
701 0
700 0
701 0
699 0
669 1023
700 708
650 1023
645 1023
650 1023
650 1023
697 270
700 0
650 1023
661 691
669 1023
701 0
700 0
647 915
699 270
700 0
669 870
647 443
651 1023
697 0
671 0
666 1023
666 0
700 0
701 0
670 0
650 1023
699 0
697 0
640 27
651 1023
701 0
653 1023
647 147
701 0
701 46
701 0
647 1023
700 0
700 0
651 1023
700 0
638 59
700 0
700 0
700 4
651 1023
698 238
651 1023
682 1023
700 0
700 0
653 819
647 1023
700 0
651 1023
683 0
700 0
710 12
689 0
665 676
699 0
642 315
681 1023
700 0
700 0
671 0
701 0
700 0
700 0
705 550
701 0
671 0
699 0
700 0
669 806
704 492
650 1023
701 0
671 0
700 0
700 0
680 1023
700 0
651 1023
647 1023
700 0
666 1023
700 324
700 0
651 1023
655 1023
