669 689
669 675
670 693
669 680
668 680
670 674
670 677
669 679
669 666
670 685
669 676
669 696
670 671
669 696
670 648
669 694
667 636
670 682
668 680
670 690
671 637
669 702
670 678
668 675
670 673
669 659
670 692
666 675
670 690
668 683
670 704
669 648
670 685
669 689
670 599
667 660
670 687
669 681
670 690
665 696
669 697
669 678
669 675
670 690
670 664
670 689
670 673
666 696
669 663
670 702
670 660
669 692
669 680
669 699
669 664
670 691
670 688
670 668
668 672
670 685
670 686
669 659
670 698
669 682
667 685
670 666
669 693
670 679
669 710
670 685
671 718
669 682
669 692
669 684
671 660
669 696
669 681
669 681
669 674
670 686
671 675
669 691
670 674
669 719
671 691
669 684
666 653
669 668
669 673
670 703
668 672
670 690
670 694
670 656
671 687
669 678
670 681
670 661
670 687
670 658
670 699
670 654
671 676
669 675
670 702
669 674
671 717
669 666
670 685
669 693
671 677
670 676
669 696
671 679
670 691
667 686
670 685
669 695
670 675
669 677
670 669
670 710
670 657
670 703
670 685
670 684
671 685
671 742
670 661
668 709
670 692
670 676
669 702
664 670
669 674
671 658
670 681
667 682
669 673
669 646
669 600
672 655
669 687
670 676
670 685
671 683
669 695
669 690
670 667
670 694
669 674
670 663
670 696
669 674
669 680
670 696
669 645
670 686
668 655
670 705
669 677
670 674
669 675
670 695
670 689
669 724
669 687
670 686
669 702
669 684
669 681
669 720
670 678
670 683
669 678
670 667
666 690
670 675
667 664
670 677
667 631
670 668
669 646
670 748
669 682
670 672
669 665
671 697
669 685
670 672
669 673
669 693
668 679
669 694
669 672
670 703
670 655
669 673
670 702
670 701
670 682
670 673
669 684
669 697
670 689
669 675
667 700
670 683
668 687
670 660
669 687
670 671
669 697
670 666
669 692
669 666
666 703
670 675
669 674
670 647
669 681
670 708
669 672
669 675
671 662
670 691
669 657
670 641
665 683
669 697
665 682
669 700
670 648
670 676
668 674
669 684
669 688
669 691
668 676
669 659
670 674
670 676
670 683
666 672
670 709
669 667
671 736
670 667
670 689
670 657
669 705
669 675
670 696
669 698
665 682
669 676
670 687
667 676
670 663
669 700
670 667
669 689
669 665
669 696
669 664
669 695
670 686
