672 717
653 1023
675 301
669 0
701 0
670 0
700 0
649 1023
707 0
702 0
669 0
656 1023
701 0
657 1023
666 0
651 1023
650 1023
650 1023
649 978
650 1023
647 858
652 1023
701 0
681 685
702 0
670 2
671 1023
670 1023
692 745
653 1023
672 813
700 0
670 1023
702 0
701 0
701 0
669 0
706 0
673 781
671 1023
701 0
702 0
701 0
670 0
677 173
696 0
702 13
701 0
690 293
682 338
673 941
700 0
651 1023
669 0
651 1023
649 1023
694 0
702 77
650 1023
651 1023
646 0
651 1023
668 0
662 0
702 745
648 850
701 745
669 0
696 1023
651 0
666 0
650 626
650 626
653 1023
669 1023
695 1023
651 1023
649 406
666 0
701 521
669 0
661 1023
651 1023
655 754
700 0
682 1023
649 978
669 0
701 1001
655 301
646 1023
701 697
670 1023
700 0
666 0
702 0
670 0
650 86
700 45
649 150
669 1023
669 937
688 420
651 1023
669 0
668 1023
669 1023
670 0
669 445
649 562
664 182
667 769
670 666
669 700
670 656
669 684
670 675
665 697
669 649
670 724
669 668
670 732
670 678
670 686
669 663
670 695
670 697
670 655
668 692
670 657
669 709
670 683
670 628
670 668
668 682
669 668
670 704
670 666
670 702
669 705
669 671
670 733
670 688
665 704
669 684
670 697
670 674
670 693
670 683
669 687
670 621
671 716
669 696
670 703
670 655
670 695
669 678
670 674
669 677
670 662
669 675
670 683
670 686
669 666
670 701
669 672
669 703
670 625
670 720
670 692
670 669
669 671
671 701
669 570
670 675
664 678
670 699
670 674
669 648
670 686
669 682
669 672
669 580
669 701
669 664
667 664
669 670
670 684
669 660
670 732
670 659
665 685
669 686
670 674
669 695
669 703
666 731
669 682
665 686
670 655
667 687
670 674
670 696
669 742
669 710
669 660
671 679
670 655
670 683
670 684
670 694
669 684
669 666
669 675
669 678
669 712
670 667
669 681
669 678
669 766
669 659
669 694
669 667
671 691
670 682
671 696
670 693
670 677
669 696
669 691
669 677
670 686
670 684
670 700
669 700
671 678
669 684
669 662
669 700
671 666
670 703
669 670
669 705
670 684
669 666
669 678
669 698
670 670
669 674
669 684
666 658
670 707
670 668
669 698
669 569
669 712
669 674
670 678
671 663
670 683
668 655
669 685
