700 459
696 0
700 841
655 1023
701 1023
701 1023
700 347
652 260
700 0
700 859
699 1023
668 1023
700 0
667 1023
671 1023
654 1023
701 635
651 1023
668 0
700 0
702 0
702 0
700 0
700 667
649 1023
695 0
699 0
651 1021
639 0
668 1023
669 1023
651 292
670 0
667 1023
700 0
696 0
678 0
706 955
654 13
669 1023
669 1023
669 1023
700 0
654 1023
650 0
661 0
700 0
652 573
700 0
647 1023
671 0
700 155
702 346
700 0
702 0
701 0
698 795
699 155
695 1023
700 0
692 0
669 1023
702 283
701 0
669 1023
649 1023
700 0
706 715
701 443
651 1023
701 0
689 0
651 1023
651 1023
701 0
678 0
702 346
660 1023
646 301
700 0
700 0
649 1023
698 0
669 1023
678 1023
701 0
699 0
669 1023
701 0
652 1023
649 1023
700 0
700 0
650 1023
680 1023
651 717
707 987
698 667
651 1023
654 0
677 0
700 0
674 0
648 877
698 635
700 0
647 1023
700 539
699 443
700 0
651 1023
699 331
701 0
669 1023
676 0
652 1023
670 0
671 0
700 0
649 1023
649 1023
702 0
669 0
651 1023
650 1023
684 0
670 1023
651 1023
669 1023
699 731
649 1023
649 1023
661 0
678 0
700 523
651 869
671 0
669 1023
649 1023
673 0
651 1023
700 0
651 173
696 314
661 1023
699 474
667 0
699 26
652 0
702 0
707 1023
699 0
674 0
701 0
700 0
700 0
669 1023
700 0
669 1023
639 0
669 1023
657 1023
700 0
651 653
699 667
700 0
699 0
685 987
655 0
701 0
654 1023
676 1023
651 1023
670 1019
670 0
699 0
700 0
649 1023
671 0
649 1023
669 1023
651 1023
700 0
690 843
701 0
647 332
699 0
670 0
652 5
669 1023
700 0
696 0
702 250
669 0
666 0
700 0
684 0
669 1023
700 0
702 0
671 1023
700 0
700 0
649 1023
644 1023
670 1023
699 0
657 0
651 1023
665 1023
695 0
698 475
670 1023
652 1023
699 0
683 0
672 0
647 1023
651 1023
677 0
651 1023
630 0
652 1023
651 1023
638 0
649 1023
652 717
671 0
699 250
702 475
649 1023
700 0
700 0
651 173
651 1023
701 475
699 0
700 0
649 1023
649 1023
651 1023
701 251
652 1021
698 0
705 763
651 1023
695 843
651 1023
652 0
671 1023
670 1023
699 0
669 1023
