677 445
651 1023
670 0
700 0
668 0
700 0
698 0
652 1023
669 0
670 690
701 0
675 749
701 5
699 0
670 1023
680 66
673 1023
651 1023
670 0
648 1023
700 0
671 0
651 1023
650 1023
660 1023
651 922
699 13
651 1023
650 1023
651 1023
648 466
649 666
651 1023
700 333
651 1023
651 1023
653 1023
676 986
651 1023
672 0
649 1023
642 1023
700 0
649 1023
700 0
701 0
661 1023
655 1023
669 0
659 0
695 0
669 0
652 1023
650 946
668 0
649 1023
652 1023
695 0
700 0
669 0
649 1023
651 0
669 0
651 1023
671 0
701 45
700 509
672 877
700 0
658 1023
700 0
706 0
681 429
675 338
719 0
700 0
648 246
666 146
650 914
646 1023
700 0
649 914
651 794
670 1023
651 1023
702 0
670 0
700 0
651 1023
650 882
649 1023
657 731
682 0
651 1023
650 1023
649 1023
651 1023
647 1023
670 450
669 306
668 666
670 1023
670 402
646 1023
700 0
641 1023
649 1023
652 1023
651 1023
700 0
670 301
652 1023
651 1023
652 1023
661 859
649 1023
670 613
651 1023
653 1018
700 0
692 0
651 1023
651 1023
696 0
665 667
702 0
700 0
702 0
651 1023
700 0
700 0
700 0
700 0
700 0
670 410
670 829
701 0
700 0
700 0
657 1023
677 5
702 0
677 0
700 0
694 0
670 18
651 1023
651 1023
660 562
645 1023
683 795
700 0
648 1023
700 0
668 0
670 1023
700 0
694 0
701 0
651 1023
654 1023
700 0
668 0
663 466
701 0
652 1023
700 0
651 1023
699 0
651 1023
700 0
651 1023
682 101
670 621
646 1023
699 0
702 0
702 0
683 37
652 626
653 1023
700 0
699 0
706 0
702 0
646 1023
678 37
672 685
648 1023
669 0
670 781
700 0
651 1023
650 1023
700 0
650 1023
700 0
666 877
692 237
651 1023
701 0
687 453
657 538
650 1023
664 338
700 0
699 0
700 0
700 0
670 317
701 0
702 813
650 1023
706 0
651 1023
700 0
653 1023
672 397
670 685
650 1023
652 1023
652 1023
669 0
669 0
669 282
657 1023
678 0
675 0
651 1023
668 0
695 0
663 370
651 1023
690 0
700 0
700 0
650 1023
644 1023
677 229
649 1023
653 1023
645 1018
670 66
653 602
651 850
668 322
655 962
651 1023
696 0
700 0
649 1023
678 269
651 1023
