669 640
670 693
669 644
669 697
670 674
669 711
670 633
666 690
669 670
670 688
670 685
669 688
671 676
670 672
667 689
670 663
669 697
669 681
670 710
670 657
669 698
669 664
670 690
669 673
670 681
669 589
671 687
668 683
669 682
670 679
669 672
670 681
670 681
669 577
669 659
670 687
670 662
670 690
670 658
669 711
670 687
670 593
670 668
669 683
669 670
671 675
671 678
670 690
669 699
670 669
670 671
670 673
670 684
670 674
670 666
669 668
669 706
671 665
670 685
669 668
671 667
670 669
669 698
670 678
671 702
669 691
670 682
669 708
668 687
671 699
669 667
669 696
670 549
670 705
670 679
669 708
669 684
671 702
670 671
670 680
665 669
670 665
669 670
669 671
670 693
670 690
670 697
666 640
669 703
670 677
669 698
670 677
670 700
670 654
669 697
669 658
670 704
670 671
665 708
670 689
670 667
670 657
670 683
670 675
670 683
669 686
669 679
671 685
669 667
670 700
665 681
670 656
669 675
665 706
671 659
669 681
669 692
666 680
670 725
670 679
669 689
671 674
670 672
670 563
670 656
670 662
670 651
669 657
670 695
670 685
670 711
670 665
670 700
670 701
670 682
670 675
669 679
670 715
670 678
670 695
670 650
670 686
670 655
670 749
665 660
666 697
669 637
670 686
670 673
671 693
670 667
671 693
665 682
669 685
669 672
670 681
670 660
669 694
670 687
669 676
669 670
669 667
669 694
667 678
666 697
670 667
669 670
670 682
670 693
669 657
669 673
666 706
670 684
670 676
670 652
669 703
670 677
669 677
670 659
671 692
670 667
670 671
669 655
666 690
667 673
670 698
669 686
666 691
670 677
669 684
670 671
668 695
670 675
669 675
670 684
666 678
669 702
669 683
670 712
671 679
670 690
670 683
669 698
668 695
669 696
669 670
665 687
671 676
670 678
670 662
667 675
670 711
670 681
668 690
669 660
671 683
670 670
665 711
669 672
670 712
670 675
669 692
670 674
670 715
669 677
669 685
669 688
669 708
670 679
670 680
671 675
670 670
669 684
667 674
670 706
670 688
670 670
669 665
670 678
670 663
671 691
671 661
670 707
669 686
670 693
670 682
670 701
670 696
669 670
669 698
670 662
670 665
669 645
666 694
671 652
