
670 690
671 676
670 692
670 661
670 654
669 672
669 679
668 658
671 678
670 685
669 680
670 670
671 664
670 696
669 676
670 694
669 661
669 607
670 659
671 576
669 657
669 687
670 669
671 693
670 681
669 685
666 669
671 686
670 683
669 678
669 703
670 650
670 701
670 675
670 705
669 678
670 698
669 652
670 694
669 674
681 691
669 680
671 690
670 669
671 672
668 666
671 682
669 687
670 674
670 696
669 683
670 716
669 687
670 702
670 668
669 694
670 659
666 691
670 674
670 705
670 699
670 676
670 682
669 664
669 674
670 676
669 693
669 668
671 663
669 653
669 695
669 673
667 695
670 679
670 684
670 665
671 688
668 657
669 692
665 678
669 682
671 666
669 680
670 697
671 665
670 677
670 686
670 708
670 650
670 700
669 664
668 693
670 666
670 692
669 673
670 690
671 674
669 686
669 690
670 609
669 691
665 731
670 683
670 684
669 696
670 657
667 688
669 680
669 711
669 664
670 683
669 671
670 697
669 669
669 686
670 685
670 669
669 680
669 675
669 691
670 640
670 691
666 690
669 707
669 671
669 698
670 686
670 688
669 660
670 691
671 679
669 680
664 683
669 687
669 681
670 681
670 700
670 665
671 708
670 662
670 699
664 684
670 678
669 663
670 745
669 648
669 733
670 660
670 686
666 676
670 676
669 695
669 686
671 698
670 682
670 691
669 669
670 704
669 679
670 682
671 690
671 698
670 669
666 707
667 680
669 710
670 672
666 704
670 676
670 688
669 684
665 728
666 704
669 717
669 693
668 794
670 697
670 682
670 695
670 752
669 690
669 663
670 698
670 694
669 691
670 684
670 688
669 690
669 676
669 679
669 662
669 694
670 671
669 697
670 675
666 676
670 674
670 691
669 679
671 695
670 670
669 689
669 676
669 685
669 668
669 683
669 687
671 667
670 695
669 674
670 688
670 666
670 702
668 666
671 696
670 662
670 698
670 670
669 708
670 675
669 695
669 671
670 652
669 686
668 678
669 687
669 690
670 690
669 659
669 675
670 693
670 681
670 675
669 706
669 664
670 693
670 674
669 693
670 673
669 696
664 674
669 684
670 684
669 671
669 708
668 636
669 687
670 683
669 711
669 676
670 668
670 666
670 753
670 666
670 573
