670 701
669 681
670 680
670 688
670 672
666 693
670 671
670 684
670 673
671 711
670 669
670 707
669 664
669 592
670 684
670 701
669 683
669 688
670 663
670 673
670 674
668 692
670 688
669 608
670 689
671 670
669 679
670 679
669 707
669 665
670 676
669 675
666 674
671 667
669 709
666 682
670 695
670 681
670 678
669 659
669 681
670 689
669 666
670 670
669 713
670 702
670 664
670 677
670 674
669 700
666 674
670 701
669 683
670 692
669 669
670 613
670 679
670 683
666 698
671 681
669 683
669 666
670 700
671 684
670 692
670 665
669 713
670 691
669 710
668 665
670 701
670 679
670 683
671 674
670 667
668 681
669 672
670 707
670 665
668 689
669 668
670 699
668 673
666 691
669 640
670 713
669 672
669 710
668 671
670 678
670 735
669 694
664 679
670 688
671 674
670 704
670 684
669 665
669 576
670 665
670 695
670 687
670 694
671 670
670 691
669 658
670 835
670 681
670 686
669 687
669 685
671 672
671 678
670 672
666 596
670 700
670 666
670 687
670 650
670 678
669 669
669 696
669 732
670 686
670 660
668 681
666 685
670 684
670 680
666 693
669 700
670 679
665 682
670 635
670 677
669 659
670 692
669 659
670 689
669 671
670 685
667 682
669 691
670 675
669 676
670 685
670 686
669 696
668 671
669 682
670 669
669 694
670 677
669 669
669 679
670 579
668 656
670 694
669 677
666 692
669 681
670 695
670 657
670 723
670 684
670 698
671 683
669 690
670 662
670 680
670 691
670 661
670 693
670 670
670 687
670 670
670 706
665 684
670 706
670 672
669 700
669 673
671 693
671 681
669 681
669 690
671 692
670 701
669 658
670 751
670 655
669 696
670 663
670 710
669 667
669 691
670 681
666 696
670 693
669 693
669 692
664 670
670 695
669 687
668 675
670 675
670 693
670 709
669 699
670 670
670 693
669 670
665 705
669 669
670 675
669 798
670 701
669 688
670 671
669 672
670 683
670 685
670 692
669 709
670 682
670 704
670 665
670 698
669 688
670 693
670 662
667 698
669 684
670 681
669 660
668 688
667 669
670 674
669 675
668 667
671 682
670 687
670 699
671 671
664 680
669 677
667 701
670 674
670 695
669 680
670 697
670 716
669 671
669 676
670 677
671 696
670 677
