670 690
670 694
669 693
670 689
669 682
670 694
669 684
670 689
671 692
669 691
669 674
670 688
670 666
669 693
669 668
670 693
670 661
670 699
669 679
669 704
670 680
669 693
669 692
670 801
670 684
669 676
667 695
669 669
669 705
670 684
670 693
670 663
670 708
666 668
670 694
669 674
670 682
669 677
670 625
670 682
670 680
670 678
670 684
671 692
670 662
671 722
669 675
669 697
670 658
670 701
669 662
668 703
669 575
670 684
669 666
670 701
670 670
665 682
671 690
669 670
670 581
669 675
669 696
669 694
670 696
670 680
670 707
669 668
670 704
669 666
668 695
669 679
670 693
670 715
670 687
670 710
670 669
671 687
670 682
670 694
667 686
670 688
669 679
670 747
670 670
670 700
670 660
669 704
669 663
671 671
670 665
669 685
666 684
668 673
670 684
670 671
671 706
672 678
669 701
665 663
669 710
670 630
670 711
669 676
670 695
670 778
669 684
671 675
670 697
670 683
670 691
670 674
670 671
670 692
669 679
668 709
670 669
668 681
670 669
669 685
669 670
669 682
669 664
670 702
670 660
670 692
670 663
670 683
670 678
666 677
670 666
664 691
670 699
670 659
671 695
670 619
670 704
670 671
670 707
670 675
670 689
670 689
670 688
669 691
669 700
670 694
667 688
669 660
668 691
670 697
669 578
670 698
670 654
670 678
669 696
670 702
670 669
670 706
666 679
666 692
669 693
669 681
669 682
669 692
669 674
669 674
670 690
670 661
670 691
669 671
664 680
670 646
670 685
670 667
670 684
670 670
669 696
669 685
671 684
669 667
670 631
668 662
671 678
669 670
669 679
671 691
670 677
669 717
670 729
670 679
669 653
666 684
670 625
670 709
669 685
669 689
670 660
670 680
669 679
670 665
670 671
670 677
665 690
665 723
669 696
670 671
669 708
671 684
670 687
670 660
666 751
669 649
670 681
669 670
670 701
670 672
670 687
669 665
670 684
670 678
669 688
671 694
669 682
670 695
670 677
670 748
671 669
670 686
667 661
670 700
670 664
670 697
669 677
670 704
670 654
669 695
670 682
670 689
670 687
669 664
669 682
670 672
670 700
670 670
671 681
669 656
670 703
669 666
671 698
670 685
670 681
669 669
670 692
670 687
669 675
669 677
670 677
670 694
