666 702
670 693
670 820
669 670
670 698
669 667
669 704
670 661
669 692
665 671
671 702
670 684
669 695
670 678
670 676
669 687
669 664
671 681
670 669
669 687
671 684
670 681
669 678
666 695
670 675
670 707
669 669
670 691
670 680
670 703
670 682
668 688
671 673
670 677
669 694
671 677
671 692
670 668
665 704
669 666
670 705
670 685
670 713
671 682
670 676
660 675
670 685
670 675
669 690
670 678
671 689
671 676
670 676
668 690
671 671
670 697
670 718
669 707
669 663
670 707
670 685
669 691
669 670
670 703
670 671
671 692
670 665
670 683
670 679
670 689
670 687
669 686
669 698
670 635
670 680
666 648
667 714
670 675
671 700
670 674
671 696
669 679
669 693
670 687
670 701
670 709
666 680
671 685
670 682
670 679
670 656
671 700
670 666
670 681
670 673
670 692
670 672
670 715
670 654
670 674
670 712
670 675
670 679
670 674
667 680
670 674
669 571
670 665
670 683
671 666
671 703
670 646
670 697
670 667
670 693
671 668
667 719
670 662
670 690
670 685
671 679
670 667
670 687
665 681
669 685
670 693
670 675
668 739
670 683
670 710
669 684
670 699
669 651
670 667
669 662
671 716
670 685
669 661
670 649
670 686
670 663
669 670
667 586
671 665
669 714
669 668
670 707
670 651
670 698
671 676
670 694
670 682
667 688
670 669
670 681
670 672
670 689
670 712
669 691
665 698
670 672
669 687
670 659
666 673
666 674
670 689
669 665
670 713
671 666
670 664
670 640
669 715
670 653
670 689
670 677
671 688
669 668
669 667
666 672
668 670
670 680
669 672
670 706
669 662
670 710
670 665
679 699
670 671
669 689
669 682
670 677
670 679
670 700
670 681
670 688
670 678
669 671
669 684
671 669
670 709
669 695
669 724
669 668
670 697
670 677
670 716
670 666
669 690
669 784
669 674
670 692
670 707
671 691
670 682
670 689
669 682
670 696
669 669
670 688
665 678
670 670
670 669
670 689
669 703
671 673
670 672
670 688
669 677
670 694
670 690
670 679
670 672
670 681
669 690
670 699
670 682
669 685
670 688
670 668
670 700
669 691
668 697
670 662
670 679
669 678
670 700
669 675
670 682
670 694
670 676
670 689
670 677
670 693
670 667
671 713
670 657
