670 691
666 672
670 683
670 673
670 679
670 681
670 795
671 685
670 679
671 703
670 677
670 699
668 651
671 695
670 652
669 690
671 664
670 698
670 675
670 693
670 689
670 682
670 678
670 650
666 682
670 688
670 688
670 676
670 677
670 677
670 681
670 647
670 693
670 661
670 724
669 675
670 698
670 651
669 674
671 677
670 686
670 698
670 675
670 689
671 668
675 696
670 678
670 704
670 665
670 695
671 648
670 752
670 662
670 690
670 676
670 687
670 678
670 691
670 687
671 685
670 705
667 699
670 660
670 662
668 702
670 653
670 706
670 671
671 680
671 664
669 694
671 669
671 704
670 567
670 680
671 684
670 678
670 685
670 669
670 695
670 669
670 678
670 657
670 686
669 695
670 687
670 667
670 691
670 674
666 673
671 680
670 688
669 677
670 698
670 694
670 624
670 692
671 667
670 680
670 680
670 710
670 670
670 669
669 666
670 683
670 672
670 754
670 674
671 687
670 670
670 676
670 676
667 656
670 688
670 682
670 703
670 670
670 696
670 661
670 708
667 668
670 689
670 689
666 694
665 662
670 685
669 678
670 694
670 670
670 646
670 693
670 681
670 696
669 686
673 698
670 663
670 658
667 691
671 649
670 672
669 712
670 660
670 684
670 691
670 686
671 684
670 675
667 679
671 657
670 694
670 692
670 691
671 617
670 701
670 629
669 709
668 654
670 707
670 673
671 695
669 669
670 687
670 666
671 697
670 670
670 695
669 687
671 674
670 681
670 679
670 683
668 674
670 709
670 664
670 733
671 673
670 696
667 681
669 697
671 667
670 658
670 681
669 676
670 679
670 687
670 672
671 656
670 688
670 664
671 690
669 666
670 694
670 649
671 678
670 662
669 705
670 677
670 682
672 685
670 681
669 687
669 664
670 678
670 663
671 684
670 684
670 687
670 672
669 683
670 629
670 698
671 666
665 711
670 662
670 757
667 683
670 690
670 685
670 678
671 690
671 682
670 671
670 656
669 691
671 689
670 650
669 677
670 688
670 686
670 702
670 649
669 689
670 654
670 681
671 686
670 681
670 618
670 674
670 684
670 680
670 688
666 670
671 593
670 666
670 694
669 664
670 710
670 678
670 706
670 670
671 687
670 672
670 696
