670 683
669 706
671 664
670 720
672 666
670 698
671 682
667 692
670 685
671 672
671 687
671 687
671 674
670 685
670 719
666 674
670 691
670 671
670 703
670 679
670 691
670 653
670 695
670 668
670 697
670 664
670 673
670 695
671 693
670 677
667 685
671 673
670 677
666 686
666 656
670 709
670 655
670 692
671 655
671 689
670 645
671 680
670 677
670 687
670 677
670 689
670 665
670 664
666 699
671 677
670 665
670 683
668 692
671 656
670 692
670 789
672 689
671 667
670 703
670 685
671 721
670 676
667 718
670 684
671 681
670 814
670 672
671 697
670 671
670 690
666 673
664 698
670 665
670 692
667 657
665 712
670 682
670 694
670 674
670 684
670 676
670 739
666 682
670 681
670 680
665 681
670 653
670 667
670 691
668 664
670 683
670 702
670 708
671 680
671 697
667 662
670 690
670 623
670 675
670 694
670 672
670 698
670 665
670 687
670 680
670 692
670 718
670 706
671 678
671 688
670 786
670 680
670 649
670 698
670 672
666 693
670 677
670 680
671 688
670 682
671 683
671 663
671 699
670 665
670 686
668 662
672 685
670 670
670 706
669 685
670 700
670 667
670 703
671 681
670 692
667 730
670 660
672 631
671 687
670 561
666 494
670 703
670 665
670 687
670 661
670 698
670 662
671 664
666 661
670 705
670 672
670 643
671 681
670 671
669 688
671 683
670 696
670 658
666 698
671 658
670 718
670 673
670 688
670 671
671 696
670 672
670 702
670 662
671 673
669 671
667 706
670 688
671 684
671 673
671 667
671 692
670 665
671 707
671 650
670 689
667 673
670 847
671 741
670 689
670 662
670 703
670 684
670 676
671 688
671 679
670 681
670 691
671 688
671 678
670 683
670 657
667 679
670 659
670 694
670 680
670 699
670 662
670 693
668 671
671 700
670 677
670 692
671 694
666 665
670 747
670 677
671 678
671 690
670 708
670 677
670 713
670 678
670 699
667 653
671 681
669 672
670 706
670 651
670 687
668 671
670 687
670 686
673 686
670 689
666 669
670 683
669 675
668 689
671 656
671 703
670 675
671 706
669 652
670 644
666 663
670 681
670 675
670 686
670 674
670 688
670 705
670 687
671 701
671 667
670 699
669 678
671 698
670 652
670 698
671 667
670 687
670 679
670 685
670 680
