669 695
669 682
671 692
671 681
666 686
670 686
669 699
669 673
671 684
670 681
670 670
670 699
670 659
670 682
670 662
670 704
669 679
670 671
670 668
670 701
669 683
670 680
668 684
670 686
670 662
670 696
670 658
670 679
670 685
670 671
670 657
669 688
670 702
669 664
671 627
670 678
670 672
669 659
670 816
670 659
669 670
667 668
670 674
670 681
670 687
670 694
669 677
670 691
670 683
670 698
671 661
669 681
670 650
670 700
669 642
669 614
670 667
670 709
670 684
669 702
669 661
670 711
670 685
670 660
670 711
669 670
671 698
670 667
670 688
671 660
671 722
669 679
669 695
670 687
670 668
670 681
670 692
671 668
670 678
669 668
670 699
666 695
670 674
670 697
670 676
671 699
669 668
670 708
671 684
671 698
669 673
669 710
671 667
670 696
669 672
670 699
670 675
670 667
670 686
670 679
670 677
669 667
669 693
670 660
670 679
670 670
669 674
670 679
670 696
670 670
666 689
669 672
669 684
668 680
670 687
669 681
670 683
670 685
670 680
670 723
665 681
670 692
670 633
670 709
670 673
670 705
669 662
670 687
670 680
670 699
670 660
669 673
669 685
670 664
670 675
669 685
670 674
669 662
669 672
668 667
669 703
669 543
669 692
671 667
670 693
669 711
671 680
670 677
670 679
669 674
670 687
670 678
669 679
670 689
669 673
669 689
670 680
669 701
670 685
670 694
670 703
670 693
670 660
668 696
670 662
670 684
670 691
670 692
671 671
670 665
670 685
669 669
670 700
669 692
669 699
670 672
670 713
670 675
669 698
669 690
670 691
670 658
667 700
669 688
669 731
670 672
670 657
670 676
670 674
666 678
670 736
670 704
669 677
670 689
669 673
670 687
669 669
668 688
670 662
670 698
670 672
669 694
669 661
669 692
670 678
670 681
670 675
666 694
669 680
669 722
669 721
670 644
670 697
670 656
669 713
670 659
670 701
669 678
667 693
670 668
670 678
669 684
670 692
670 682
670 683
670 687
669 667
670 690
669 670
671 683
670 674
670 764
670 674
670 700
671 673
670 582
669 687
671 694
670 665
670 656
666 674
669 679
669 680
670 673
665 690
670 667
669 693
669 642
665 695
670 650
670 679
670 662
670 706
