667 693
669 672
670 681
670 674
670 676
669 681
670 676
669 688
669 681
669 703
670 677
670 699
670 660
669 686
669 660
669 699
670 683
669 681
670 685
669 674
669 686
669 677
669 687
670 674
670 679
669 680
669 688
669 679
669 699
669 662
669 680
669 678
670 691
667 663
669 686
670 668
669 697
668 688
669 682
670 686
670 672
671 687
669 672
669 694
670 662
669 692
669 664
670 688
669 685
670 693
669 672
670 686
669 671
669 696
669 664
670 681
669 682
670 680
669 678
669 666
670 669
670 662
665 689
669 652
670 708
670 660
667 799
669 580
670 707
669 664
670 690
669 681
669 687
669 678
670 681
669 680
669 658
667 662
669 661
669 683
670 687
669 705
670 682
667 688
669 666
670 691
669 671
669 681
670 669
670 693
669 680
669 666
669 692
670 681
669 696
670 676
669 679
669 672
664 670
671 691
665 704
670 656
665 698
671 687
669 679
669 676
670 696
671 676
670 695
666 680
669 691
670 675
667 682
669 693
670 681
671 680
665 690
669 822
670 674
670 673
669 668
669 690
669 674
670 696
671 667
669 684
670 669
669 688
671 677
669 682
666 688
670 673
670 684
669 673
670 689
669 676
669 696
669 661
669 685
669 648
671 685
669 672
669 678
669 669
670 674
669 696
670 663
669 670
670 650
670 686
669 673
670 705
669 654
670 719
669 659
670 713
669 677
669 689
669 676
669 693
670 672
670 698
669 687
670 677
670 668
670 698
669 682
670 668
671 700
670 673
669 704
670 675
669 697
670 668
665 697
669 672
669 690
669 683
669 697
669 673
669 682
670 683
665 697
670 685
669 678
669 695
669 671
670 692
669 639
669 684
669 688
669 691
669 658
670 689
670 665
669 702
669 675
669 681
670 670
670 683
665 684
665 672
670 674
669 673
669 688
670 677
670 700
670 669
668 704
669 679
670 706
669 668
671 688
669 683
670 676
669 678
669 688
669 678
671 678
669 698
670 680
669 687
670 670
669 688
670 681
669 700
669 658
669 712
669 672
669 698
670 680
668 678
670 692
669 679
669 673
665 689
670 676
670 683
669 695
669 675
670 697
669 656
669 684
669 659
670 700
670 681
669 696
666 678
669 690
670 679
669 686
669 665
669 689
669 675
669 680
