671 695
666 681
670 667
669 696
669 688
670 693
670 667
666 686
669 657
669 695
670 686
669 685
670 680
669 679
669 692
669 682
670 688
669 603
669 703
670 666
670 678
666 668
670 709
665 666
669 695
667 674
670 698
669 661
670 699
669 674
670 678
668 698
669 687
669 689
669 681
670 689
670 686
671 691
669 667
666 703
669 672
669 698
669 661
669 698
670 692
671 694
669 622
669 714
669 726
670 674
665 684
669 684
669 688
670 671
666 695
670 654
669 695
670 651
669 685
670 673
669 719
669 705
670 684
669 696
666 692
669 652
669 689
670 679
669 671
669 683
669 666
670 681
669 663
669 711
671 659
670 666
670 695
669 690
669 658
669 591
670 655
671 690
670 656
669 676
669 691
669 677
671 684
669 691
670 692
670 669
669 685
669 666
670 677
666 687
670 688
670 652
669 684
668 682
669 700
666 703
669 680
666 677
669 684
669 687
669 667
665 685
670 677
669 692
670 687
669 685
669 604
669 697
670 659
665 699
670 659
671 693
670 692
670 675
669 674
666 677
670 690
669 678
669 693
669 677
669 703
671 657
669 687
670 684
670 688
669 711
669 685
669 670
669 683
671 655
669 679
669 591
670 689
666 743
669 668
670 678
670 669
669 700
670 686
665 693
670 668
670 692
669 679
665 705
669 671
670 682
670 706
668 701
669 665
670 686
669 695
668 649
669 690
669 674
669 677
670 691
670 670
670 807
669 691
671 684
669 692
670 667
670 689
669 653
669 705
669 671
669 684
670 675
669 713
669 693
669 707
669 686
670 673
670 684
669 670
669 727
669 663
670 707
669 652
670 676
670 683
669 669
669 610
670 724
666 670
669 679
669 660
670 702
666 696
669 693
669 687
671 673
670 694
670 668
668 696
671 662
665 710
669 679
665 698
670 695
667 683
669 651
670 666
670 671
667 665
670 677
665 675
671 678
666 666
670 698
669 673
669 661
670 661
669 685
666 673
670 717
670 651
670 693
666 672
665 709
666 663
670 685
670 695
670 688
670 686
670 671
669 684
669 675
670 664
669 669
671 684
669 680
670 705
669 672
670 689
669 672
669 670
669 669
670 680
669 668
669 684
669 686
669 680
669 669
671 672
669 706
669 673
669 691
670 653
669 682
670 670
