669 648
670 682
670 646
670 696
669 678
670 694
669 653
670 691
670 701
670 690
669 657
670 680
669 691
670 681
669 701
669 669
669 690
666 654
669 679
670 663
668 685
670 670
669 697
669 657
669 712
668 666
669 686
671 665
669 687
670 684
669 681
669 667
669 678
669 687
669 663
670 690
669 684
671 693
665 672
669 708
669 674
669 716
667 672
670 681
670 668
670 673
670 686
669 690
669 687
670 691
670 689
669 672
669 671
669 678
671 684
669 678
669 706
669 679
669 765
670 666
670 668
670 666
669 686
669 664
665 676
669 665
666 697
670 674
667 661
669 675
669 647
670 674
669 665
669 711
667 652
669 808
670 668
670 694
669 679
669 695
670 690
669 684
670 680
669 681
669 691
669 693
670 697
669 676
669 668
670 668
671 713
669 667
670 679
669 624
670 699
670 684
670 687
669 672
670 681
669 685
669 690
669 694
669 681
669 685
670 681
669 710
670 670
670 683
669 675
669 700
670 636
669 680
670 681
668 695
669 678
669 675
670 675
665 699
669 688
665 698
669 690
669 674
670 683
669 683
669 673
669 667
669 692
669 680
669 669
669 663
670 708
669 675
670 697
667 655
670 690
669 690
669 694
666 674
669 679
669 692
669 669
669 691
669 670
665 712
670 615
669 678
670 678
670 698
670 669
669 689
670 662
670 684
669 673
669 693
670 687
669 682
669 692
669 672
670 695
669 700
670 701
669 674
670 697
669 683
670 695
669 665
669 693
669 662
669 719
669 690
670 685
669 681
670 676
669 668
670 684
669 687
671 676
665 697
669 555
669 703
669 619
669 678
670 671
667 704
670 676
669 681
669 690
669 709
669 676
670 698
670 681
669 681
671 667
668 667
671 662
669 674
670 692
669 666
669 692
665 656
670 695
668 663
669 680
669 670
670 658
666 669
671 678
667 685
670 691
666 674
670 672
669 662
670 686
669 782
670 671
669 713
667 684
675 681
669 684
671 699
669 654
670 700
669 686
670 706
669 676
665 682
669 689
669 690
669 681
669 670
670 687
669 679
669 688
667 662
669 683
670 811
669 607
667 674
669 723
671 668
670 705
671 681
670 667
669 681
669 681
669 698
669 679
670 679
669 655
669 694
669 694
668 693
670 649
669 712
670 673
665 706
669 673
666 681
670 676
670 669
