670 692
670 680
671 686
669 688
669 667
669 694
670 655
665 687
669 662
669 690
670 654
668 667
670 675
669 698
670 642
668 745
670 660
670 691
670 690
667 690
669 689
669 678
671 672
669 689
669 670
669 678
669 693
669 673
671 678
667 687
671 697
669 690
670 698
666 684
670 687
669 672
669 687
669 680
670 677
666 668
670 680
669 691
670 668
669 700
670 663
669 677
670 674
666 700
669 678
669 692
669 686
669 683
669 673
669 684
669 692
669 658
669 690
669 707
670 698
669 662
670 678
669 648
669 692
669 649
670 690
669 669
670 693
669 674
670 683
669 649
669 685
669 674
670 683
669 652
670 666
669 686
670 690
670 690
670 721
669 680
670 674
670 690
669 691
669 677
670 685
669 698
670 663
669 686
669 663
669 671
670 671
669 685
669 689
669 691
670 680
669 674
669 716
669 673
671 687
669 675
670 708
670 662
670 695
669 671
669 690
669 657
669 679
670 675
670 683
669 682
669 687
670 697
670 678
669 838
668 667
669 680
670 662
669 704
666 658
669 696
668 659
670 687
671 657
669 691
670 675
669 700
670 668
669 687
669 697
669 673
668 675
670 679
670 698
669 676
666 705
670 654
670 682
669 667
670 672
669 671
669 675
669 685
667 685
669 660
669 686
670 686
669 667
670 681
668 668
670 668
671 680
669 678
669 673
670 559
670 654
669 688
669 671
670 682
667 661
669 681
669 686
669 672
665 664
670 687
669 689
670 670
669 697
670 661
669 699
669 665
669 648
670 632
669 669
670 685
670 692
670 668
669 672
670 678
670 698
671 676
670 702
671 695
670 676
669 687
669 680
670 830
670 671
670 712
669 676
669 683
670 674
670 696
670 691
669 692
670 652
670 678
669 664
670 678
669 696
668 669
669 688
670 665
670 723
665 681
670 712
670 648
671 690
667 683
670 706
669 668
670 675
669 676
670 687
668 682
669 682
670 673
669 681
669 685
669 661
669 688
669 673
669 698
670 655
670 694
670 677
670 705
670 677
669 687
670 693
669 669
670 675
669 685
671 662
669 676
670 688
669 684
670 677
670 678
670 704
669 665
669 689
670 679
668 688
669 678
670 690
669 661
670 696
669 674
669 689
669 656
670 679
669 696
669 696
669 675
