671 708
670 657
670 694
669 657
670 688
670 664
670 693
670 682
670 680
670 694
669 671
670 677
670 666
669 697
666 674
670 690
670 676
670 717
670 664
670 695
666 1002
670 681
669 676
670 693
670 685
670 700
669 682
670 681
670 686
669 684
670 693
670 670
670 681
667 667
670 674
670 671
670 670
666 666
670 690
669 662
669 707
670 681
670 662
669 669
670 686
670 715
670 675
670 689
669 671
666 703
670 667
669 681
670 663
670 693
669 642
670 688
669 635
669 694
668 651
669 695
670 686
670 689
671 584
671 682
669 682
669 674
670 693
670 674
670 690
670 661
670 693
670 647
669 684
669 644
670 682
669 659
670 698
670 667
669 686
670 671
666 687
670 690
670 667
669 692
666 671
670 683
670 672
665 708
670 640
670 738
669 678
669 700
670 659
670 701
669 673
670 700
670 691
670 684
669 664
671 679
670 761
669 684
670 699
669 635
669 691
669 670
669 687
670 635
669 705
669 699
671 699
670 677
668 696
665 663
670 686
669 663
670 682
668 685
670 674
670 686
669 659
670 673
670 655
669 695
669 653
671 706
670 679
669 691
670 668
669 686
670 670
669 679
669 665
669 686
669 685
667 686
671 686
670 668
665 820
671 666
670 703
669 660
664 705
669 692
669 714
670 681
670 695
670 676
670 693
666 687
668 684
670 675
670 675
669 679
670 689
669 820
669 674
669 677
670 674
669 705
666 663
671 706
670 669
669 694
669 663
669 703
669 654
670 704
670 680
670 681
667 688
670 791
670 679
669 673
670 709
669 671
669 694
670 710
669 722
669 665
675 693
670 665
669 696
670 685
670 692
670 675
670 686
670 691
670 810
669 688
670 672
670 683
670 676
669 698
669 617
670 707
669 673
670 693
669 656
670 648
670 678
671 693
670 703
670 691
669 678
670 682
669 698
669 689
670 684
670 683
669 707
666 680
671 695
670 659
670 701
669 660
670 680
668 658
670 700
666 671
671 702
671 669
669 682
670 681
670 673
670 682
666 676
670 685
670 673
670 706
670 667
670 695
669 671
669 699
668 675
670 708
669 676
669 692
671 667
670 705
670 660
669 683
670 683
670 676
670 695
669 673
669 673
669 658
670 707
671 669
670 707
670 674
670 692
670 670
670 687
669 680
