666 663
669 691
670 682
670 702
667 676
670 690
669 568
666 688
670 670
669 684
669 672
667 693
670 681
670 685
666 684
669 666
670 691
671 684
670 690
671 672
669 692
669 681
671 706
670 687
669 694
670 673
670 602
669 681
670 695
670 675
668 681
670 713
669 690
669 687
669 676
670 707
670 730
669 669
670 634
671 689
669 674
667 693
669 678
669 693
669 685
671 687
668 671
669 680
668 688
670 688
669 683
671 681
670 686
669 675
670 674
670 661
670 684
670 647
669 701
671 681
669 706
670 630
669 694
670 676
665 698
669 674
670 672
670 701
670 691
670 692
670 669
669 714
670 657
670 688
670 691
670 718
670 677
669 698
671 676
669 701
669 651
670 685
670 661
669 697
669 684
670 695
670 685
670 671
671 688
670 676
670 686
670 672
670 698
669 668
667 696
669 683
670 691
669 684
671 686
670 680
670 698
670 713
670 679
669 680
670 687
670 684
670 686
669 699
669 677
670 693
669 670
670 704
670 662
669 699
669 674
670 697
669 671
669 692
669 749
670 693
670 690
670 676
670 671
670 686
668 697
670 665
670 695
670 641
671 723
670 670
668 692
670 665
670 687
670 682
670 709
670 678
670 683
666 670
670 684
670 720
668 670
667 694
669 674
669 686
671 673
670 697
669 618
669 703
670 664
670 702
670 675
670 696
669 679
669 704
665 676
670 693
669 683
666 680
670 713
669 667
669 694
670 673
669 688
667 681
670 696
670 774
671 700
670 676
669 701
670 679
670 689
670 670
670 684
669 677
670 696
670 698
670 670
671 690
671 673
670 691
666 661
670 698
670 656
670 684
665 684
670 684
670 688
671 673
671 680
670 703
666 650
670 681
670 671
670 675
670 673
670 667
670 687
671 662
670 652
669 679
670 688
670 707
670 694
670 650
670 679
670 667
669 708
670 688
671 699
670 684
669 678
670 686
669 676
670 685
669 658
670 691
670 694
667 681
670 655
670 706
669 656
667 687
673 708
670 699
670 680
670 674
670 690
670 593
666 683
670 678
669 681
669 669
670 582
669 668
666 703
670 666
669 690
669 657
670 692
670 665
669 686
671 696
670 694
670 673
669 680
670 691
671 689
670 680
670 664
670 696
669 644
671 686
669 648
669 678
669 659
673 706
669 681
669 686
