669 717
670 698
669 680
669 690
669 659
670 696
669 684
670 701
669 665
669 705
670 690
671 667
670 663
669 671
670 713
670 681
669 702
669 653
670 693
669 673
670 692
671 670
670 693
670 662
665 693
671 690
670 688
670 682
669 683
669 685
670 682
670 716
664 677
670 700
669 670
668 688
665 662
670 688
669 683
671 690
671 678
670 702
666 690
666 686
670 674
669 693
668 682
671 659
670 689
669 676
670 701
670 662
669 646
669 662
670 713
669 671
670 712
669 674
670 710
669 676
669 636
670 686
670 680
669 671
669 686
671 605
670 688
669 721
670 685
670 698
670 658
670 691
670 500
671 683
669 674
670 659
670 687
670 690
669 662
670 683
669 674
668 785
669 701
670 837
670 554
664 1023
669 755
666 1023
669 1023
675 5
672 0
683 978
667 582
670 959
670 497
669 680
668 532
668 1023
669 896
664 849
670 573
669 545
670 1023
671 847
669 1023
671 65
669 1023
670 272
669 686
671 613
670 894
669 684
669 672
669 694
669 509
671 463
670 708
671 603
670 463
670 941
671 717
669 1023
670 385
670 1023
669 710
669 779
670 533
663 812
668 865
672 960
668 788
668 811
666 647
669 1023
669 1023
669 413
660 902
670 293
681 775
670 107
669 869
668 29
670 999
671 552
669 1023
671 373
670 679
669 745
668 812
671 642
668 764
668 619
670 514
668 1023
671 410
666 1023
664 241
682 1023
672 172
672 807
667 322
667 850
671 254
670 738
670 755
670 545
670 672
670 713
668 974
670 801
660 1023
671 557
674 1023
669 367
668 814
671 638
670 828
670 729
670 667
669 695
669 673
670 718
670 665
670 687
669 677
670 686
669 673
669 677
669 685
670 684
671 678
669 678
671 686
669 674
670 700
670 670
670 696
669 664
671 692
669 689
670 671
670 677
669 694
665 674
669 688
670 677
669 683
670 683
669 681
669 696
665 672
670 689
669 665
669 680
670 666
669 689
670 640
668 696
669 664
670 685
669 679
670 686
670 677
670 684
670 688
669 685
669 679
670 668
669 695
669 657
669 692
669 672
666 696
669 668
669 691
671 668
670 697
670 670
666 690
670 674
670 688
670 681
671 682
670 683
670 680
669 675
670 633
669 690
670 674
670 689
670 672
670 695
670 680
669 698
670 672
670 704
