670 675
670 691
670 680
670 689
670 729
669 700
669 669
671 698
669 663
671 702
671 652
670 686
670 679
670 702
669 659
670 704
669 682
669 686
670 682
669 675
670 735
663 678
669 684
667 675
670 676
669 660
670 693
670 648
670 689
670 660
671 687
670 668
669 685
665 689
665 687
669 702
666 683
670 801
670 689
669 698
669 672
670 687
669 671
671 693
671 670
669 697
668 683
670 703
670 580
669 699
669 672
670 688
670 698
670 677
670 686
670 678
670 696
670 680
669 706
670 673
668 684
669 671
670 698
671 659
670 708
669 671
670 704
670 666
670 688
669 689
669 645
669 681
669 685
670 686
671 676
670 704
669 667
671 696
669 688
671 686
670 680
670 700
670 665
670 704
671 694
670 692
669 667
670 694
670 677
670 678
671 692
670 677
670 676
669 673
671 687
670 663
670 681
669 769
670 688
669 673
671 701
670 674
670 689
669 662
670 677
669 674
669 696
670 677
670 675
670 680
670 656
671 670
670 665
670 693
668 677
670 687
669 668
669 693
670 672
670 668
666 663
670 695
670 681
669 689
670 699
682 687
670 678
669 678
669 681
669 682
670 720
665 681
671 686
670 659
670 702
668 664
671 725
670 673
669 695
670 660
670 693
670 671
670 705
670 684
669 665
670 674
670 675
670 698
670 670
669 702
670 676
669 689
671 689
669 689
669 666
671 683
669 662
669 693
667 668
670 683
670 678
669 674
670 684
670 672
669 690
670 681
671 690
669 663
669 695
669 672
671 694
669 677
670 686
670 675
670 695
665 661
669 692
669 681
669 678
670 673
670 673
671 667
669 676
669 690
669 664
670 682
670 684
669 692
670 666
670 686
670 647
670 698
670 683
670 685
664 683
669 690
671 676
670 756
670 686
669 673
670 684
670 670
670 706
671 671
669 690
669 674
671 711
670 676
669 724
671 672
670 692
670 684
671 685
671 693
669 679
669 680
670 672
670 706
670 659
669 687
670 681
669 694
665 677
671 713
669 676
670 693
671 664
670 703
669 672
670 727
671 683
670 685
670 692
665 682
669 686
670 671
670 703
670 681
670 702
670 671
671 679
670 647
670 681
670 668
669 688
669 611
670 686
670 671
670 689
663 679
669 684
670 673
