669 681
669 681
669 704
666 661
670 688
669 648
669 685
670 712
670 701
670 668
669 680
669 673
669 702
669 681
670 675
670 698
669 660
669 692
670 678
669 704
670 681
669 697
670 666
669 695
670 669
669 689
670 665
670 693
669 689
670 684
671 799
669 668
669 691
669 679
669 709
670 674
669 690
669 665
668 698
670 659
670 704
669 674
666 703
669 673
669 678
669 671
670 697
669 671
669 682
670 680
669 673
670 689
669 660
671 656
670 664
669 710
670 678
670 707
669 663
670 692
669 670
670 681
669 794
670 680
669 691
670 685
669 668
666 698
669 690
670 696
669 704
671 665
669 684
667 665
670 636
669 759
670 699
666 670
669 701
669 669
670 679
668 679
670 697
670 669
671 737
669 682
670 677
670 685
669 675
670 704
667 670
669 681
669 670
670 690
669 669
670 682
669 675
669 678
670 740
670 678
669 671
670 672
669 676
670 666
669 670
669 694
669 701
670 672
669 693
670 690
669 699
670 679
671 686
669 667
669 696
669 673
669 663
670 675
669 688
669 669
670 685
669 795
669 676
669 689
670 671
668 707
671 671
670 683
670 659
669 685
669 696
669 713
670 691
670 677
670 675
669 687
670 666
669 675
670 668
669 667
670 684
669 669
670 692
669 682
670 689
669 690
670 730
670 675
669 695
669 636
670 675
670 662
670 672
670 665
669 688
670 685
665 686
670 682
669 674
670 669
669 678
669 697
670 683
669 693
669 690
670 713
669 647
669 689
669 645
671 700
669 669
669 705
670 663
670 686
669 683
669 682
670 687
670 669
669 699
669 667
669 691
669 656
669 788
669 693
670 694
668 675
669 678
666 590
669 695
668 695
670 672
670 686
669 688
669 691
670 660
669 702
669 674
669 683
670 676
669 688
670 667
669 679
670 687
669 699
669 699
669 702
669 660
669 688
670 698
669 686
671 585
669 671
669 669
669 673
669 694
669 705
671 678
670 667
669 692
670 664
669 731
669 669
669 699
670 670
669 682
669 668
670 679
669 679
670 679
670 679
670 690
669 678
669 684
669 689
670 678
667 699
669 661
670 688
670 675
667 772
669 699
670 692
669 679
668 682
669 672
671 680
669 675
669 676
669 690
668 664
670 685
669 672
670 700
666 673
