669 676
669 708
669 675
670 692
669 681
670 683
669 676
671 683
669 680
670 661
670 692
670 672
669 694
670 679
670 688
668 659
667 703
670 673
670 694
669 656
670 705
669 682
669 692
669 670
671 675
669 721
670 687
670 678
670 656
669 686
670 661
669 693
670 669
670 695
670 659
670 685
669 678
670 694
669 666
670 690
669 666
669 665
670 689
670 674
669 680
669 668
669 690
670 680
669 692
670 672
670 690
670 659
670 705
670 766
669 719
669 671
670 701
669 681
669 684
669 676
669 676
670 692
669 730
669 698
669 666
667 701
669 675
670 696
670 649
670 690
674 669
671 694
669 663
669 692
669 675
667 680
670 693
669 698
669 680
669 689
670 703
669 675
670 683
669 674
670 686
669 720
670 701
669 654
670 692
670 679
670 695
669 670
670 688
667 676
670 688
669 664
666 680
669 691
669 673
670 698
670 672
670 703
666 662
670 724
669 666
670 680
667 674
670 711
670 668
671 662
669 698
669 691
669 681
671 665
670 692
670 681
671 666
667 673
669 685
666 685
669 700
670 653
670 682
669 687
669 688
669 668
669 679
670 694
670 688
669 675
670 676
669 680
669 685
669 693
670 685
669 654
669 674
666 697
670 666
669 663
670 693
669 683
669 567
669 667
670 671
670 685
667 684
669 664
670 663
670 687
669 683
669 663
669 692
667 688
670 678
670 661
671 675
670 675
668 703
670 660
671 687
670 661
669 690
669 671
670 679
669 689
669 688
669 673
669 680
669 674
669 681
670 696
666 675
669 699
671 684
671 690
669 661
669 669
669 673
669 694
669 670
670 705
669 674
669 680
669 678
670 676
670 673
669 681
669 705
671 678
670 741
669 673
669 683
669 672
669 699
669 687
670 689
669 683
671 700
669 676
671 677
669 685
669 693
670 684
669 680
666 667
669 668
670 685
671 668
669 699
670 700
669 689
671 669
669 698
670 666
669 691
670 686
669 691
669 680
671 681
669 680
670 676
670 697
669 670
668 685
670 677
669 686
669 658
667 677
669 655
665 706
669 656
669 690
669 689
669 687
670 669
670 690
668 674
669 689
670 681
670 680
668 693
669 675
669 770
671 675
669 696
669 667
670 672
670 666
669 694
670 679
669 685
671 675
670 688
670 671
