670 678
669 676
669 659
664 688
669 667
670 699
669 681
669 687
670 665
670 677
669 681
670 675
669 688
669 679
669 685
669 725
669 709
669 691
669 689
671 666
671 725
669 678
669 702
669 656
670 684
669 671
670 688
669 681
669 688
665 684
670 686
669 682
671 693
669 702
671 690
669 690
670 667
670 681
670 674
669 726
669 638
670 687
671 670
669 695
670 651
686 682
670 690
670 669
670 684
670 790
671 687
670 688
670 692
670 685
666 688
669 679
669 703
670 658
669 680
671 660
669 699
670 673
669 687
669 686
670 676
669 660
669 687
666 674
670 659
670 701
669 659
669 707
669 674
669 659
670 667
669 686
669 694
669 693
669 676
669 680
669 638
669 676
669 687
667 667
669 684
669 684
669 678
669 679
669 699
669 663
670 708
670 672
669 697
669 667
670 695
669 672
671 666
669 636
670 687
670 688
666 652
669 685
666 683
670 690
669 679
670 691
669 672
670 683
670 670
669 678
669 710
669 697
669 675
669 678
670 682
669 688
669 653
683 676
669 688
669 687
669 706
670 679
669 692
670 628
670 677
670 673
669 706
674 671
669 698
671 675
669 699
669 684
676 701
666 683
669 690
671 679
669 699
669 688
670 687
666 700
669 666
669 724
669 654
669 691
669 663
669 689
671 679
669 672
670 686
669 671
670 674
670 662
670 708
670 692
666 672
670 668
670 828
669 667
670 700
670 669
670 684
669 663
669 707
670 652
669 674
670 679
669 720
670 685
669 683
671 672
669 682
668 670
669 676
670 687
669 689
669 691
670 665
669 712
670 660
669 688
669 665
671 694
670 675
669 682
670 666
669 726
670 687
669 678
670 682
670 688
665 688
669 676
670 676
669 707
666 698
670 709
670 698
670 673
669 677
670 681
668 689
670 689
669 675
670 672
667 703
669 664
670 658
671 708
668 683
669 690
669 676
670 706
669 647
670 699
669 667
670 697
669 658
670 697
669 694
667 702
670 663
670 688
669 680
669 686
669 674
669 688
670 693
669 603
670 698
668 663
670 683
669 681
670 654
670 678
670 701
669 656
671 693
669 715
670 691
669 670
669 685
669 678
669 715
670 677
670 677
670 675
671 689
669 732
670 675
669 659
670 660
670 684
666 639
669 684
670 675
669 680
