6670 682
669 690
670 687
670 680
670 683
669 702
669 672
667 677
670 655
669 683
670 673
666 695
669 681
669 685
670 663
669 695
670 674
669 615
669 677
669 681
670 671
670 680
670 694
669 661
669 704
669 671
665 653
669 653
669 677
669 687
669 706
669 537
666 687
669 671
669 673
670 684
669 535
670 664
669 687
670 678
669 669
669 681
669 672
669 697
669 679
669 687
669 677
669 688
669 692
670 687
669 666
669 663
669 668
670 682
669 666
670 763
669 690
669 671
670 688
669 691
670 575
670 683
670 698
670 690
669 685
669 650
669 714
669 668
669 676
670 656
669 689
668 686
669 700
665 695
670 675
669 670
669 674
670 697
670 671
669 695
670 681
669 681
670 690
670 716
670 685
669 691
670 669
671 677
670 686
669 677
669 684
669 675
669 676
669 659
669 702
670 688
669 691
669 675
670 698
669 679
669 699
669 662
670 698
669 688
669 695
670 656
670 701
670 681
669 750
669 677
669 679
670 695
669 670
669 682
669 682
668 695
670 664
670 663
670 680
670 687
669 681
670 694
670 685
669 699
670 666
669 699
669 673
669 705
670 684
669 678
669 691
670 673
671 681
669 677
669 706
669 679
669 648
669 677
669 696
669 678
667 671
669 715
667 697
669 669
665 674
669 696
669 671
663 692
669 679
670 689
669 673
670 688
669 667
670 710
669 684
670 687
669 666
670 695
670 670
670 689
670 673
671 690
669 673
670 686
669 674
669 677
669 697
670 666
669 693
670 683
669 678
668 656
669 685
671 682
670 698
670 670
669 691
669 673
669 687
669 679
669 677
669 688
669 671
665 692
669 671
669 747
670 654
669 694
670 673
669 696
669 688
669 681
670 672
669 687
670 671
669 681
670 687
670 679
670 678
669 675
670 673
669 673
669 688
669 677
669 694
669 633
669 687
669 649
670 689
669 557
669 684
669 682
671 684
670 651
669 806
669 670
669 691
670 669
669 671
670 691
670 674
670 699
666 649
670 682
670 677
670 707
670 684
670 675
670 662
666 695
670 678
670 693
670 675
671 688
669 680
670 690
670 688
670 685
670 684
669 676
669 697
670 669
671 697
666 669
669 704
669 680
671 695
669 665
670 694
669 671
670 699
669 681
669 674
669 697
