1023
0
550
0
1023
1023
310
1023
1023
978
1023
0
534
662
843
0
1023
0
1023
0
758
0
1023
1023
0
534
182
0
491
617
1023
1023
758
0
578
331
0
0
1023
1023
0
0
0
438
1023
1023
1023
0
0
0
1023
111
0
635
0
470
1023
54
379
294
0
454
1023
1023
0
0
489
1018
927
662
0
406
1023
0
1023
0
0
0
0
0
0
0
1023
0
0
0
0
559
598
0
1023
0
0
