0
0
0
233
843
1023
278
0
0
0
1023
534
1023
0
0
0
1023
0
0
1023
342
0
0
0
0
0
0
1023
1023
1023
0
0
971
1023
1023
1023
0
342
363
0
310
1023
1023
0
0
0
0
0
1023
0
363
1023
1023
0
0
1023
1023
1023
0
0
0
0
0
1023
1023
0
1023
1023
0
0
0
1023
0
246
0
0
0
0
918
182
850
0
1023
1023
1023
1023
36
54
0
1023
0
939
0
0
1023
0
54
0
0
822
0
1023
201
1023
299
0
0
1023
0
427
0
0
0
0
198
0
0
1023
1023
1023
0
1023
706
