86
0
0
0
0
1023
379
1023
1023
0
0
0
0
143
1023
0
1023
1023
0
1023
1023
246
1023
914
1023
73
1023
0
1023
1023
0
1023
1019
1023
0
1023
0
0
0
0
1023
0
0
1023
0
1023
1023
201
1023
713
1023
1023
1023
1023
918
0
1023
0
635
0
201
0
0
1023
0
0
0
722
859
1023
0
73
0
0
0
0
0
0
667
0
1023
0
1023
127
598
1023
0
0
0
0
0
0
0
0
0
1023
790
0
0
0
0
1023
0
1023
1023
0
971
1023
0
1023
1023
1023
374
0
105
1023
1023
1023
0
790
246
0
0
0
969
0
1019
0
1023
726
0
0
0
0
25
9
1023
722
246
0
86
1023
1023
0
0
1023
598
1023
