1023
1023
0
0
0
1023
1023
0
1023
1023
758
0
0
1023
0
0
0
0
459
246
1023
1023
0
0
0
1023
0
0
278
0
1023
1023
0
406
0
267
0
1023
0
0
706
374
1023
0
1023
0
713
100
0
0
265
1023
0
0
0
0
0
1023
425
1023
747
0
1023
182
0
1023
0
873
0
0
1023
123
149
0
1023
1023
0
0
0
1023
374
406
0
1023
1023
722
406
0
1023
0
0
0
1023
0
1023
0
0
0
118
1023
1023
0
1023
0
1023
0
0
0
1023
150
0
0
0
1023
438
1023
11
0
1023
978
0
1023
0
0
0
722
1023
0
658
0
0
555
0
0
214
0
0
329
1023
1023
0
0
850
0
0
790
1023
0
730
0
0
0
898
843
0
0
1023
962
0
1023
0
