0
0
0
0
918
1023
1023
267
962
73
0
0
9
342
0
1023
1023
1023
0
1023
0
1023
0
1023
0
454
0
1023
0
518
1023
0
1023
0
0
1023
1023
1023
1023
1023
0
1023
706
246
1023
1023
0
0
0
1003
0
0
6
822
1023
862
0
0
0
0
0
683
0
0
1023
1023
0
363
0
507
1023
1019
0
0
971
0
1023
0
0
0
0
70
0
1023
0
0
914
0
0
1023
0
1023
1023
926
1023
0
0
342
1023
0
0
0
1023
0
390
0
0
38
0
1023
1023
0
0
1023
1023
0
0
734
1023
0
0
0
726
1023
454
0
1023
1023
0
0
1023
0
342
1023
0
587
1023
406
1023
0
1023
0
1023
1023
1023
0
1023
0
1023
0
0
1023
1023
1023
1023
0
534
0
713
0
0
1023
0
