0
726
0
1023
1023
0
0
1023
0
0
0
43
0
1023
1023
0
0
1023
406
1023
0
0
0
946
1023
0
0
1023
470
1023
6
0
0
0
1023
1023
1023
0
0
0
107
0
758
0
1023
0
1023
0
747
619
0
1023
0
790
0
875
0
86
0
425
1023
971
0
1023
754
0
0
0
1023
1023
0
0
946
0
425
1023
1010
150
0
0
1023
0
1023
530
0
0
978
0
0
1023
1023
1023
1003
1023
0
1023
0
0
0
0
1023
0
0
1023
0
0
0
0
1023
1023
265
0
0
182
0
1023
0
0
0
0
0
0
0
1023
0
891
0
0
1023
0
0
201
0
150
0
0
1023
0
0
0
790
1023
0
0
0
0
1023
0
0
1023
0
0
1023
1023
0
0
0
0
1023
1023
0
1023
1023
