1023
0
0
1023
1023
1023
0
1023
0
0
1023
0
6
1023
0
0
914
86
0
86
0
1023
0
0
0
1023
0
0
374
0
1023
214
1023
0
0
1023
0
758
1023
0
0
1023
118
1023
1023
1023
1023
310
1023
0
0
0
1023
150
1023
0
0
0
0
0
0
0
214
0
52
0
1023
1023
0
0
0
0
0
1014
0
422
0
0
0
0
0
310
0
1023
1023
6
0
0
459
1023
6
0
0
0
534
0
0
1023
1023
0
1023
0
246
0
0
0
4
1023
0
891
0
1023
1023
0
342
459
1018
41
0
854
0
1023
1023
265
1023
0
850
0
1023
843
0
1023
1023
1023
0
587
734
726
1023
0
103
0
0
1023
1003
0
1023
0
1023
150
1023
0
207
0
891
1023
0
1023
1023
0
