38
1023
1023
214
1023
0
1023
630
918
0
0
1023
578
1023
0
1023
1023
297
1023
1023
1023
214
0
1023
850
0
0
86
0
0
1023
486
882
1023
0
1023
598
971
0
1023
406
0
0
6
0
386
0
0
0
0
978
1023
843
1023
15
982
726
0
0
0
1023
0
111
518
0
1023
1023
0
0
1023
907
1023
0
1023
1023
425
946
390
1023
891
0
1023
0
0
0
1023
0
0
939
715
0
1023
1023
0
0
0
1023
0
0
0
0
0
0
1023
0
0
0
1023
1023
1023
6
0
1023
0
379
1023
1023
0
1023
1023
0
1023
1023
0
0
0
555
0
0
1023
0
1023
0
1023
1023
1023
47
0
1023
0
0
118
758
1023
0
1023
0
1023
0
0
0
0
331
0
0
0
0
1014
1023
239
0
1023
