0
1023
1023
0
0
0
585
779
1023
971
1023
0
0
0
41
198
1023
1023
1023
1019
214
0
1023
0
1023
0
246
0
1023
150
1023
6
1023
1023
0
0
1023
0
0
1023
0
1023
1023
1023
0
1023
0
0
0
342
1023
0
0
1023
1003
0
534
470
0
0
1023
1023
1023
939
0
1023
0
745
0
642
1023
662
0
47
0
438
1023
0
0
1023
0
1023
523
0
0
169
0
0
1023
0
1023
0
0
1023
1023
0
134
0
1023
0
0
523
1023
1023
0
1023
1023
1023
1023
0
843
1023
489
0
0
246
9
0
1023
1023
0
786
